0
1
2
3
4
5
6
7
8
9
10
11
12
13
14
15
16
17
18
19
20
21
22
23
24
25
26
27
28
29
30
31
32
33
35
36
37
38
39
40
41
42
43
44
45
46
47
48
49
50
51
52
53
54
55
56
57
58
59
60
61
62
63
64
65
66
67
68
69
70
71
72
73
74
75
76
77
78
83
84
85
86
87
88
90
91
92
93
94
95
96
97
98
99
100
101
102
103
104
105
106
107
108
109
110
111
112
113
114
115
116
117
118
119
120
121
122
123
124
125
126
127
128
129
130
131
132
133
134
135
136
137
138
139
140
141
142
143
144
145
146
147
148
149
150
151
152
153
154
155
156
157
158
159
160
161
162
163
164
165
166
167
168
169
170
171
172
173
174
175
176
177
178
179
180
181
182
183
184
185
186
187
188
189
190
191
192
193
194
195
196
197
198
199
200
201
202
203
204
205
206
207
208
209
210
211
212
213
214
215
216
217
218
219
220
221
222
223
224
225
226
227
228
229
230
231
232
233
234
235
236
237
238
239
240
241
242
243
244
245
246
247
248
249
250
251
252
253
254
255
256
257
258
259
260
261
262
263
264
265
266
267
268
269
270
271
272
273
274
275
276
277
278
279
280
281
282
283
284
285
286
287
288
289
290
291
292
294
295
296
297
299
300
301
302
303
304
305
306
307
308
309
310
311
312
313
314
315
316
317
318
319
320
321
322
323
324
325
326
327
328
329
330
331
332
333
334
335
336
337
338
339
340
341
342
345
346
347
348
349
350
351
352
353
354
355
356
359
360
361
362
363
364
365
366
371
372
373
374
375
376
377
378
379
380
381
382
383
384
385
386
387
388
389
390
391
392
393
394
395
396
397
398
399
400
401
402
403
404
405
406
407
408
409
410
411
412
413
414
415
416
417
418
419
420
421
422
424
426
427
430
431
432
433
434
435
436
437
438
439
440
441
442
443
444
445
446
447
448
449
450
451
452
453
454
455
456
464
465
466
467
468
469
480
481
482
483
484
485
486
487
488
489
490
491
492
493
494
495
508
509
510
511
512
513
514
515
516
517
518
519
520
521
522
523
524
525
526
527
528
529
530
531
532
533
534
535
536
537
538
539
540
541
542
543
544
545
546
547
548
549
550
551
552
553
554
555
556
557
558
559
560
561
562
563
564
565
566
567
568
569
570
571
572
573
574
575
576
577
578
579
580
581
582
583
584
587
588
589
590
591
592
593
594
595
596
597
598
599
600
601
602
603
604
605
606
607
608
609
610
611
616
617
618
619
621
622
623
624
625
626
627
628
629
630
631
632
633
634
635
636
637
638
639
640
641
642
643
644
645
646
647
648
649
650
651
652
653
654
655
656
657
658
659
660
661
662
663
664
665
666
667
668
669
670
671
672
673
674
675
676
677
680
681
682
683
684
685
686
687
688
689
690
691
692
693
694
695
696
697
698
699
700
701
702
703
704
705
707
708
710
711
712
713
714
716
717
718
719
720
721
722
723
727
729
730
731
732
733
734
735
737
738
739
741
742
743
744
746
747
748
749
750
751
752
753
754
755
756
757
758
759
760
761
762
763
764
766
767
768
769
770
771
772
773
774
775
776
777
778
779
782
783
784
785
786
787
788
789
793
794
795
800
801
802
803
804
805
806
807
808
809
810
811
812
813
814
815
816
817
818
819
820
821
822
823
824
825
826
827
828
829
830
831
832
833
834
835
836
837
838
839
840
841
842
843
844
845
846
847
848
849
850
851
852
853
854
855
856
857
858
859
860
861
862
863
864
865
866
867
868
869
870
871
872
873
874
875
876
877
878
879
880
881
882
883
884
885
886
887
888
889
890
891
892
893
942
943
944
945
946
947
948
949
950
951
952
953
954
955
956
957
958
959
960
961
962
963
964
966
967
968
969
970
971
973
974
975
976
977
978
981
982
983
984
985
986
987
988
989
990
991
992
993
994
1005
1006
1007
1008
1009
1010
1011
1012
1013
1014
1015
1016
1017
1018
1019
1020
1021
1022
1023
1024
1025
1026
1027
1028
1029
1030
1031
1032
1033
1034
1035
1036
1037
1038
1039
1040
1041
1042
1043
1044
1045
1046
1047
1048
1049
1050
1051
1052
1053
1054
1055
1056
1057
1058
1059
1060
1061
1062
1063
1064
1065
1066
1067
1068
1069
1070
1071
1072
1073
1074
1075
1076
1077
1078
1079
1080
1081
1082
1083
1084
1085
1086
1087
1088
1089
1090
1091
1092
1093
1094
1095
1096
1097
1098
1099
1100
1101
1102
1103
1104
1105
1106
1107
1108
1109
1110
1111
1112
1113
1114
1115
1116
1117
1118
1119
1120
1121
1122
1123
1124
1125
1126
1127
1128
1129
1130
1131
1132
1133
1134
1135
1136
1137
1138
1139
1140
1141
1142
1143
1144
1145
1146
1147
1148
1149
1150
1151
1152
1153
1154
1155
1156
1157
1158
1159
1160
1161
1162
1163
1164
1165
1166
1167
1168
1169
1170
1171
1172
1173
1174
1175
1176
1177
1178
1179
1180
1181
1182
1183
1184
1185
1186
1187
1188
1189
1190
1191
1192
1193
1194
1195
1196
1197
1198
1199
1200
1201
1202
1203
1204
1205
1206
1207
1208
1209
1210
1211
1212
1213
1214
1215
1216
1217
1218
1219
1220
1221
1222
1223
1224
1225
1226
1227
1228
1229
1230
1231
1232
1233
1234
1235
1236
1237
1238
1239
1240
1241
1242
1243
1244
1245
1246
1247
1248
1249
1250
1251
1252
1253
1254
1255
1256
1257
1258
1259
1260
1261
1262
1263
1264
1265
1266
1267
1268
1269
1270
1271
1272
1273
1274
1275
1276
1277
1278
1279
1280
1281
1282
1283
1284
1285
1286
1287
1288
1289
1290
1291
1292
1293
1294
1295
1296
1297
1298
1299
1300
1301
1302
1303
1304
1305
1306
1307
1308
1309
1310
1311
1312
1313
1314
1315
1316
1317
1318
1319
1320
1321
1322
1323
1324
1325
1326
1327
1328
1329
1330
1331
1332
1333
1334
1335
1336
1337
1338
1339
1340
1341
1342
1343
1344
1345
1346
1347
1348
1349
1350
1351
1352
1353
1354
1355
1356
1357
1358
1359
1360
1361
1362
1363
1364
1365
1366
1367
1368
1369
1370
1371
1372
1373
1374
1375
1376
1377
1378
1379
1380
1381
1382
1383
1384
1385
1386
1387
1388
1389
1390
1391
1392
1393
1394
1395
1396
1397
1398
1399
1400
1401
1402
1403
1404
1405
1406
1407
1408
1409
1411
1412
1413
1414
1415
1416
1417
1418
1419
1420
1421
1422
1423
1424
1425
1426
1427
1428
1429
1430
1431
1432
1433
1434
1435
1436
1437
1438
1439
1440
1441
1442
1443
1444
1445
1446
1447
1448
1449
1450
1451
1452
1453
1454
1455
1456
1457
1458
1459
1460
1462
1463
1464
1466
1467
1468
1470
1471
1472
1473
1474
1475
1476
1477
1478
1479
1481
1485
1486
1488
1491
1492
1493
1494
1495
1496
1497
1498
1499
1500
1501
1502
1503
1504
1505
1506
1507
1508
1509
1510
1511
1512
1513
1514
1515
1516
1517
1518
1519
1520
1521
1522
1523
1524
1525
1526
1527
1528
1529
1530
1531
1532
1533
1534
1535
1538
1539
1540
1541
1542
1549
1550
1551
1552
1553
1554
1555
1561
1573
1574
1575
1576
1577
1578
1579
1580
1581
1582
1583
1584
1585
1586
1587
1588
1590
1591
1592
1593
1594
1595
1596
1597
1598
1599
1600
1601
1602
1603
1604
1605
1606
1607
1608
1609
1610
1611
1612
1613
1614
1615
1616
1617
1618
1619
1620
1621
1622
1623
1624
1625
1626
1627
1628
1629
1630
1631
1632
1633
1634
1635
1636
1637
1638
1639
1640
1641
1642
1643
1644
1645
1646
1649
1652
1654
1655
1656
1657
1658
1659
1660
1661
1662
1663
1664
1665
1668
1669
1673
1674
1675
1676
1677
1678
1679
1680
1681
1682
1683
1684
1686
1687
1692
1693
1694
1695
1696
1697
1698
1699
1700
1701
1702
1703
1704
1705
1706
1707
1708
1709
1710
1711
1712
1713
1714
1715
1716
1717
1718
1719
1720
1721
1722
1723
1724
1725
1726
1727
1728
1729
1730
1731
1732
1733
1734
1735
1736
1737
1738
1739
1740
1741
1742
1743
1744
1745
1746
1747
1748
1749
1750
1751
1752
1753
1754
1755
1756
1757
1758
1759
1760
1761
1762
1763
1764
1765
1766
1767
1768
1769
1770
1771
1772
1773
1774
1775
1776
1777
1778
1779
1780
1781
1782
1783
1784
1785
1786
1787
1788
1789
1790
1791
1792
1793
1794
1795
1796
1798
1800
1802
1804
1806
1808
1811
1812
1813
1815
1816
1817
1818
1819
1820
1821
1822
1823
1824
1825
1826
1827
1828
1829
1830
1831
1832
1833
1834
1835
1836
1837
1838
1839
1840
1841
1842
1843
1844
1845
1846
1847
1848
1849
1850
1851
1852
1853
1854
1856
1857
1858
1859
1860
1861
1862
1863
1864
1865
1866
1867
1868
1869
1870
1871
1872
1873
1874
1875
1876
1877
1878
1879
1880
1881
1882
1883
1884
1887
1888
1889
1890
1891
1892
1893
1894
1895
1896
1897
1898
1899
1900
1901
1902
1903
1904
1905
1906
1907
1908
1909
1910
1911
1912
1913
1914
1915
1916
1917
1918
1919
1920
1921
1922
1923
1924
1925
1926
1927
1928
1929
1930
1931
1932
1933
1934
1935
1936
1937
1938
1939
1940
1941
1942
1943
1944
1945
1946
1947
1948
1949
1950
1951
1952
1953
1954
1955
1956
1957
1958
1959
1960
1961
1962
1963
1964
1965
1966
1967
1969
1970
1971
1972
1973
1974
1975
1976
1977
1979
1980
1981
1982
1983
1984
1985
1986
1987
1988
1989
1990
1991
1993
1994
1995
1997
1998
2001
2002
2003
2004
2005
2006
2007
2008
2009
2010
2011
2012
2013
2014
2015
2016
2017
2018
2019
2020
2021
2022
2023
2024
2025
2026
2027
2028
2029
2030
2031
2032
2033
2034
2035
2036
2037
2038
2039
2040
2041
2042
2043
2048
2049
2054
2055
2064
2065
2074
2075
2080
2081
2084
2085
2092
2093
2094
2095
2102
2103
2104
2105
2106
2107
2108
2109
2110
2111
2112
2113
2114
2115
2116
2117
2118
2119
2120
2121
2122
2123
2124
2125
2126
2127
2128
2129
2130
2131
2132
2133
2134
2135
2136
2137
2138
2139
2140
2141
2142
2143
2144
2145
2146
2147
2148
2149
2150
2151
2152
2153
2154
2155
2156
2157
2158
2159
2160
2161
2162
2163
2164
2165
2166
2167
2168
2169
2170
2171
2172
2173
2174
2175
2176
2177
2178
2179
2180
2185
2186
2187
2188
2191
2192
2195
2196
2197
2198
2199
2200
2201
2202
2203
2204
2205
2206
2207
2208
2209
2210
2213
2214
2217
2218
2219
2220
2221
2222
2223
2224
2225
2226
2227
2228
2229
2230
2231
2232
2233
2234
2235
2236
2237
2238
2239
2240
2241
2242
2243
2244
2245
2246
2247
2248
2249
2250
2251
2252
2253
2254
2255
2256
2259
2260
2277
2278
2281
2282
2283
2284
2285
2286
2287
2288
2289
2290
2291
2292
2293
2294
2295
2296
2297
2298
2299
2300
2301
2302
2303
2304
2305
2306
2307
2308
2309
2310
2311
2312
2313
2314
2315
2316
2317
2318
2319
2320
2321
2322
2323
2324
2325
2326
2327
2328
2329
2330
2331
2332
2333
2334
2335
2336
2337
2338
2339
2341
2342
2343
2344
2345
2346
2347
2348
2349
2350
2351
2352
2353
2354
2355
2356
2357
2358
2359
2360
2361
2362
2363
2364
2365
2366
2367
2368
2369
2370
2371
2372
2373
2374
2375
2376
2377
2378
2379
2380
2384
2385
2386
2387
2388
2391
2392
2393
2395
2396
2397
2398
2399
2402
2403
2405
2406
2407
2408
2409
2410
2412
2413
2414
2415
2416
2417
2418
2419
2423
2424
2425
2426
2427
2428
2429
2430
2431
2432
2433
2434
2435
2436
2437
2438
2439
2440
2441
2442
2443
2444
2445
2446
2447
2448
2449
2450
2451
2452
2453
2454
2455
2456
2457
2458
2459
2460
2461
2462
2463
2464
2465
2466
2467
2468
2469
2470
2471
2472
2473
2474
2475
2476
2477
2478
2479
2481
2482
2483
2484
2485
2486
2487
2488
2489
2490
2491
2492
2493
2494
2495
2496
2497
2498
2499
2500
2501
2502
2503
2504
2505
2506
2507
2508
2509
2510
2511
2513
2518
2519
2520
2521
2522
2523
2524
2525
2526
2527
2528
2529
2532
2533
2534
2535
2536
2537
2538
2539
2540
2541
2550
2551
2552
2553
2554
2555
2556
2557
2558
2559
2560
2561
2562
2563
2564
2565
2566
2567
2568
2569
2570
2571
2572
2573
2574
2575
2576
2577
2578
2579
2580
2581
2582
2583
2584
2585
2586
2587
2588
2589
2590
2591
2592
2593
2594
2595
2596
2597
2598
2599
2600
2601
2602
2603
2604
2605
2606
2607
2608
2609
2610
2611
2612
2613
2614
2615
2616
2617
2618
2619
2620
2621
2622
2623
2624
2625
2626
2627
2628
2629
2630
2631
2632
2633
2634
2635
2636
2637
2638
2639
2640
2641
2642
2643
2644
2645
2646
2647
2648
2649
2650
2651
2652
2653
2654
2655
2656
2657
2658
2659
2660
2661
2662
2663
2664
2665
2666
2667
2668
2669
2670
2671
2672
2673
2674
2675
2676
2677
2714
2722
2724
2795
2801
2802
2832
2842
2859
2860
2861
2862
2863
2864
2865
2866
2871
2872
2873
2874
2875
2876
2877
2878
2879
2880
2881
2882
2883
2886
2887
2888
2890
2891
2892
2893
2894
2895
2896
2897
2898
2899
2900
2901
2902
2903
2904
2905
2906
2907
2908
2909
2910
2911
2912
2913
2914
2915
2916
2917
2918
2919
2920
2921
2922
2923
2924
2925
2926
2927
2928
2929
2930
2931
2932
2933
2934
2935
2936
2937
2938
2939
2940
2941
2942
2943
2944
2945
2946
2947
2948
2949
2950
2951
2952
2953
2954
2955
2956
2957
2959
2960
2961
2962
2963
2964
2965
2966
2967
2968
2969
2970
2971
2972
2973
2974
2975
2976
2977
2978
2996
2997
2998
2999
3000
3001
3002
3003
3004
3005
3006
3007
3008
3009
3010
3011
3012
3013
3014
3015
3016
3017
3018
3019
3020
3021
3022
3023
3024
3025
3026
3027
3028
3029
3030
3031
3032
3033
3034
3035
3036
3037
3038
3039
3040
3041
3042
3043
3044
3045
3046
3047
3048
3049
3050
3051
3052
3053
3054
3055
3056
3057
3058
3059
3060
3061
3062
3066
3074
3084
3092
3093
3094
3095
3096
3097
3098
3099
3100
3101
3102
3103
3104
3105
3106
3107
3108
3109
3115
3116
3117
3118
3119
3120
3121
3122
3123
3124
3125
3126
3127
3128
3130
3134
3135
3136
3137
3138
3139
3141
3142
3143
3144
3145
3146
3148
3149
3150
3152
3155
3157
3158
3161
3162
3163
3166
3167
3168
3169
3170
3171
3172
3173
3174
3175
3176
3177
3178
3179
3180
3181
3182
3183
3184
3185
3186
3188
3189
3190
3191
3192
3193
3194
3195
3196
3197
3198
3199
3200
3201
3202
3203
3204
3205
3206
3207
3208
3209
3210
3211
3212
3213
3214
3215
3217
3218
3220
3221
3222
3224
3225
3226
3227
3228
3229
3230
3231
3232
3239
3240
3241
3243
3245
3247
3248
3249
3250
3251
3253
3255
3257
3259
3261
3262
3263
3264
3265
3266
3267
3268
3269
3270
3271
3272
3325
3326
3327
3328
3329
3330
3331
3332
3333
3334
3335
3336
3337
3338
3339
3340
3341
3342
3343
3344
3345
3346
3347
3348
3349
3350
3351
3352
3353
3354
3363
3364
3365
3366
3367
3368
3369
3370
3371
3372
3373
3374
3375
3376
3377
3378
3379
3380
3381
3382
3383
3384
3385
3386
3387
3388
3389
3390
3391
3392
3393
3394
3395
3396
3397
3398
3399
3400
3401
3402
3403
3404
3405
3406
3407
3408
3409
3410
3411
3412
3413
3414
3415
3416
3417
3418
3419
3420
3421
3422
3423
3424
3425
3426
3427
3428
3429
3430
3431
3432
3433
3434
3435
3436
3437
3438
3439
3440
3441
3442
3443
3444
3445
3446
3447
3448
3449
3450
3451
3452
3453
3454
3455
3456
3457
3458
3459
3460
3461
3462
3463
3464
3465
3466
3467
3468
3469
3470
3471
3472
3473
3474
3475
3476
3477
3478
3479
3480
3481
3482
3483
3484
3485
3486
3487
3488
3489
3667
3668
3669
3670
3671
3672
3673
3674
3675
3676
3677
3678
3679
3680
3686
3688
3689
3690
3691
3692
3693
3694
3695
3696
3698
3699
3700
3701
3702
3703
3704
3705
3706
3707
3708
3709
3710
3711
3712
3713
3714
3715
3719
3720
3721
3722
3723
3724
3725
3726
3727
3728
3729
3730
3731
3732
3733
3735
3736
3737
3738
3741
3742
3744
3745
3746
3747
3748
3749
3750
3751
3752
3753
3754
3755
3756
3757
3758
3759
3760
3761
3762
3763
3764
3765
3766
3767
3768
3769
3770
3771
3772
3773
3774
3775
3776
3777
3778
3779
3780
3781
3782
3783
3784
3785
3786
3787
3788
3789
3790
3791
3792
3793
3794
3795
3796
3797
3798
3799
3800
3802
3803
3804
3805
3806
3827
3828
3829
3830
3831
3832
3833
3834
3835
3836
3837
3838
3839
3840
3841
3842
3843
3844
3845
3846
3847
3848
3849
3852
3853
3854
3855
3856
3857
3858
3859
3860
3861
3862
3863
3864
3865
3866
3867
3868
3869
3893
3894
3895
3896
3897
3898
3899
3900
3901
3902
3911
3919
3927
3951
3955
3963
3973
3981
3983
3985
3993
4001
4002
4003
4004
4005
4006
4007
4008
4010
4011
4012
4013
4014
4015
4016
4017
4018
4019
4020
4021
4023
4024
4026
4027
4028
4029
4031
4033
4034
4035
4036
4037
4038
4039
4040
4041
4042
4045
4046
4047
4048
4049
4050
4052
4053
4054
4055
4067
4068
4069
4071
4072
4073
4074
4075
4077
4078
4079
4081
4082
4083
4085
4086
4087
4088
4089
4090
4091
4092
4093
4094
4095
4096
4097
4098
4099
4100
4101
4102
4103
4104
4105
4106
4107
4108
4109
4110
4111
4112
4113
4114
4115
4116
4117
4118
4119
4120
4121
4122
4123
4124
4125
4126
4127
4128
4129
4130
4131
4132
4133
4134
4135
4136
4137
4138
4139
4140
4141
4142
4143
4144
4145
4146
4147
4148
4149
4150
4151
4152
4153
4154
4155
4156
4157
4158
4161
4162
4163
4164
4165
4166
4167
4168
4169
4170
4171
4179
4181
4183
4184
4185
4186
4187
4188
4189
4190
4191
4194
4195
4196
4197
4199
4200
4201
4202
4203
4204
4205
4207
4208
4209
4210
4211
4212
4214
4215
4216
4217
4218
4219
4220
4221
4222
4223
4224
4225
4226
4227
4228
4229
4230
4231
4232
4233
4234
4236
4237
4238
4239
4241
4244
4247
4248
4249
4251
4253
4255
4256
4257
4258
4259
4260
4261
4262
4263
4264
4265
4266
4267
4268
4269
4270
4271
4274
4277
4278
4283
4284
4286
4295
4297
4298
4299
4300
4301
4302
4303
4304
4305
4306
4307
4308
4309
4310
4311
4312
4313
4314
4315
4316
4317
4318
4319
4320
4321
4322
4323
4324
4325
4326
4327
4328
4329
4330
4331
4332
4333
4334
4335
4336
4337
4338
4339
4340
4341
4342
4343
4344
4345
4346
4347
4348
4349
4350
4351
4352
4353
4354
4355
4356
4357
4358
4359
4360
4361
4362
4363
4364
4365
4366
4367
4368
4369
4370
4371
4372
4373
4374
4375
4376
4377
4378
4379
4380
4381
4382
4383
4384
4385
4386
4387
4388
4389
4390
4391
4392
4393
4394
4395
4396
4397
4398
4399
4400
4401
4402
4403
4404
4405
4406
4407
4408
4409
4410
4411
4412
4413
4414
4415
4416
4417
4418
4419
4420
4421
4422
4423
4424
4425
4426
4427
4428
4429
4430
4432
4434
4435
4436
4437
4438
4439
4440
4441
4442
4443
4444
4445
4446
4447
4449
4456
4457
4458
4459
4460
4461
4462
4463
4464
4465
4484
4485
4486
4487
4488
4489
4490
4491
4492
4493
4494
4496
4497
4502
4513
4514
4517
4518
4519
4520
4521
4522
4523
4525
4526
4527
4528
4529
4530
4535
4536
4537
4538
4540
4541
4542
4543
4544
4545
4546
4547
4548
4549
4551
4552
4558
4559
4560
4561
4562
4563
4564
4565
4566
4567
4568
4569
4570
4571
4572
4574
4575
4576
4579
4580
4581
4582
4583
4584
4585
4586
4587
4588
4589
4590
4591
4592
4593
4594
4595
4596
4597
4599
4600
4601
4603
4604
4605
4606
4607
4608
4609
4610
4611
4612
4613
4614
4616
4617
4618
4619
4620
4621
4622
4623
4624
4625
4627
4628
4653
4654
4655
4656
4657
4659
4668
4669
4670
4671
4672
4673
4674
4675
4676
4677
4678
4684
4685
4686
4687
4688
4689
4690
4691
4692
4693
4694
4695
4696
4697
4698
4699
4700
4703
4704
4707
4708
4709
4710
4711
4712
4713
4714
4715
4716
4717
4718
4719
4720
4721
4722
4723
4724
4725
4726
4727
4728
4729
4730
4731
4732
4733
4734
4735
4736
4737
4738
4739
4740
4745
4746
4747
4748
4749
4750
4751
4752
4753
4754
4755
4756
4757
4758
4759
4760
4763
4769
4773
4778
4783
4788
4793
4798
4803
4808
4809
4810
4811
4812
4813
4814
4816
4817
4818
4819
4820
4821
4822
4823
4824
4825
4826
4827
4828
4829
4830
4831
4832
4833
4834
4835
4836
4837
4839
4842
4843
4844
4845
4846
4847
4848
4849
4850
4851
4852
4853
4854
4855
4856
4857
4858
4859
4860
4861
4862
4863
4864
4865
4866
4867
4868
4869
4870
4871
4872
4873
4874
4875
4876
4877
4878
4879
4880
4881
4882
4883
4884
4885
4886
4887
4888
4889
4890
4891
4892
4893
4894
4895
4896
4897
4898
4899
4900
4901
4902
4903
4904
4905
4906
4907
4908
4909
4910
4911
4912
4913
4914
4915
4916
4917
4918
4919
4920
4921
4922
4923
4924
4925
4926
4927
4928
4929
4930
4931
4932
4933
4934
4935
4936
4937
4938
4939
4940
4941
4942
4943
4944
4945
4946
4947
4948
4949
4950
4951
4952
4953
4954
4955
4956
4957
4958
4959
4960
4961
4962
4963
4964
4965
4966
4967
4968
4969
4970
4971
4972
4973
4974
4975
4976
4977
4978
4979
4980
4981
4982
4983
4984
4985
4986
4987
4988
4989
4990
4991
4992
4993
4994
4995
4996
4997
4998
4999
5001
5002
5003
5004
5005
5006
5007
5008
5009
5011
5012
5013
5015
5016
5017
5018
5019
5020
5024
5025
5030
5031
5036
5037
5042
5043
5048
5049
5054
5055
5056
5062
5063
5064
5065
5066
5067
5068
5070
5076
5087
5089
5093
5095
5096
5097
5098
5099
5100
5101
5102
5103
5104
5105
5106
5107
5111
5115
5119
5123
5127
5139
5143
5147
5151
5155
5159
5163
5167
5171
5172
5176
5180
5184
5188
5192
5224
5228
5232
5236
5240
5244
5248
5252
5256
5260
5264
5272
5325
5326
5327
5328
5329
5330
5331
5332
5333
5334
5335
5336
5337
5338
5339
5340
5341
5342
5343
5344
5345
5346
5347
5348
5349
5350
5351
5352
5353
5354
5355
5356
5357
5358
5359
5360
5361
5362
5363
5364
5365
5366
5367
5368
5369
5370
5371
5372
5373
5374
5375
5376
5377
5378
5379
5380
5381
5382
5383
5384
5385
5386
5387
5388
5389
5390
5391
5392
5393
5394
5395
5396
5397
5398
5399
5400
5401
5402
5403
5404
5405
5406
5407
5408
5409
5410
5411
5412
5413
5414
5415
5416
5417
5418
5419
5420
5421
5422
5423
5424
5425
5426
5427
5428
5429
5430
5431
5432
5433
5434
5435
5436
5437
5438
5439
5440
5441
5442
5443
5444
5445
5446
5447
5448
5449
5450
5451
5452
5453
5454
5455
5456
5457
5458
5459
5460
5461
5462
5463
5464
5465
5466
5467
5468
5469
5470
5471
5472
5473
5474
5475
5476
5477
5478
5479
5480
5481
5482
5483
5484
5485
5486
5487
5488
5489
5490
5491
5492
5493
5494
5495
5496
5497
5498
5499
5500
5501
5502
5503
5504
5505
5506
5507
5508
5509
5510
5512
5514
5516
5517
5518
5520
5521
5522
5523
5524
5525
5526
5527
5528
5529
5530
5531
5532
5533
5534
5535
5536
5537
5538
5539
5540
5541
5542
5543
5544
5545
5546
5547
5548
5549
5550
5551
5552
5553
5554
5555
5556
5557
5558
5559
5560
5561
5562
5569
5573
5574
5575
5576
5577
5578
5579
5580
5581
5582
5583
5584
5586
5588
5589
5592
5608
5609
5610
5611
5612
5613
5614
5615
5616
5617
5618
5619
5620
5621
5622
5623
5624
5625
5626
5627
5628
5629
5630
5631
5632
5633
5634
5635
5636
5637
5638
5639
5640
5641
5642
5643
5644
5645
5646
5647
5648
5649
5650
5651
5652
5653
5654
5655
5656
5657
5658
5659
5660
5661
5662
5663
5664
5665
5666
5667
5668
5669
5670
5671
5672
5673
5674
5675
5676
5677
5678
5679
5680
5681
5682
5683
5684
5685
5686
5687
5688
5689
5690
5691
5692
5693
5694
5695
5696
5697
5698
5699
5700
5701
5702
5703
5704
5705
5706
5707
5708
5709
5710
5711
5712
5713
5714
5715
5716
5717
5718
5719
5720
5721
5722
5723
5724
5725
5726
5727
5728
5729
5730
5731
5733
5734
5735
5736
5737
5739
5740
5741
5742
5743
5744
5745
5746
5747
5748
5749
5750
5751
5752
5753
5754
5755
5756
5757
5758
5759
5760
5761
5762
5763
5764
5765
5766
5767
5768
5769
5770
5771
5772
5773
5774
5775
5776
5777
5778
5779
5780
5781
5782
5783
5784
5785
5786
5787
5788
5789
5790
5791
5792
5793
5794
5795
5796
5797
5798
5799
5800
5801
5802
5803
5804
5805
5806
5807
5808
5809
5810
5811
5812
5813
5814
5815
5816
5817
5818
5819
5820
5821
5822
5823
5824
5825
5826
5827
5828
5829
5830
5831
5832
5833
5834
5835
5836
5837
5838
5839
5840
5841
5842
5843
5844
5845
5846
5847
5848
5849
5850
5851
5852
5853
5854
5855
5856
5857
5858
5859
5860
5861
5862
5863
5864
5865
5866
5867
5868
5869
5870
5871
5872
5873
5874
5875
5876
5877
5878
5879
5880
5881
5882
5883
5884
5885
5886
5887
5888
5889
5890
5891
5892
5893
5894
5895
5896
5897
5898
5899
5900
5901
5902
5903
5904
5905
5906
5907
5908
5909
5910
5911
5912
5913
5914
5915
5916
5917
5918
5919
5920
5921
5922
5923
5924
5925
5926
5927
5928
5929
5930
5931
5932
5933
5934
5935
5936
5937
5938
5939
5940
5941
5942
5943
5944
5945
5946
5947
5948
5949
5950
5951
5952
5953
5954
5955
5956
5957
5958
5959
5960
5961
5962
5963
5964
5965
5966
5967
5968
5969
5970
5971
5972
5973
5974
5975
5976
5977
5978
5979
5980
5981
5982
5983
5984
5985
5986
5987
5988
5989
5990
5991
5992
5993
5994
5995
5996
5997
5998
5999
6000
6001
6002
6003
6004
6005
6006
6007
6008
6009
6010
6011
6012
6013
6014
6015
6016
6017
6018
6019
6020
6022
6024
6026
6028
6030
6032
6033
6034
6035
6036
6037
6038
6039
6040
6041
6042
6043
6044
6045
6046
6047
6048
6049
6050
6051
6052
6053
6054
6055
6056
6057
6059
6060
6061
6062
6063
6064
6065
6066
6067
6068
6069
6070
6071
6072
6073
6074
6075
6076
6077
6078
6079
6080
6081
6082
6083
6084
6085
6086
6087
6088
6089
6090
6091
6092
6093
6094
6095
6096
6097
6098
6099
6100
6101
6102
6103
6104
6105
6106
6107
6109
6110
6111
6112
6113
6118
6119
6122
6124
6125
6126
6127
6128
6129
6130
6131
6132
6133
6134
6135
6136
6137
6138
6139
6140
6141
6142
6143
6144
6145
6146
6147
6148
6149
6150
6151
6152
6153
6154
6155
6156
6157
6158
6159
6160
6161
6162
6163
6164
6165
6166
6167
6168
6169
6170
6171
6172
6173
6174
6175
6176
6177
6178
6180
6181
6182
6183
6184
6185
6186
6187
6188
6199
6200
6201
6202
6205
6211
6212
6213
6214
6215
6216
6217
6218
6219
6220
6221
6222
6223
6224
6225
6226
6227
6228
6229
6230
6231
6232
6233
6234
6235
6236
6281
6282
6283
6284
6285
6286
6287
6288
6289
6290
6291
6292
6293
6294
6295
6296
6301
6302
6305
6306
6311
6312
6313
6314
6315
6316
6317
6318
6319
6322
6323
6324
6325
6326
6327
6328
6329
6330
6331
6332
6333
6334
6335
6336
6341
6342
6343
6344
6345
6346
6347
6348
6349
6350
6382
6383
6384
6385
6386
6387
6390
6391
6392
6393
6394
6395
6396
6397
6398
6399
6400
6401
6402
6403
6404
6405
6406
6407
6408
6409
6410
6411
6412
6413
6414
6415
6416
6417
6418
6419
6420
6421
6423
6425
6427
6429
6431
6433
6435
6437
6439
6448
6450
6452
6453
6454
6455
6456
6457
6458
6460
6461
6463
6464
6465
6466
6467
6469
6470
6471
6472
6473
6474
6475
6476
6477
6478
6479
6514
6515
6516
6517
6522
6523
6524
6525
6526
6527
6528
6529
6535
6536
6537
6538
6539
6540
6541
6542
6544
6545
6546
6547
6548
6549
6555
6561
6562
6563
6568
6569
6570
6571
6572
6573
6574
6575
6576
6577
6578
6579
6580
6581
6582
6583
6584
6585
6586
6587
6588
6589
6590
6591
6592
6593
6594
6595
6596
6597
6598
6599
6600
6601
6602
6603
6604
6605
6606
6607
6608
6609
6610
6611
6612
6613
6614
6615
6616
6617
6618
6619
6620
6621
6622
6623
6624
6625
6626
6627
6628
6629
6630
6631
6632
6633
6634
6635
6636
6637
6638
6639
6640
6641
6642
6643
6644
6645
6646
6648
6649
6650
6651
6653
6654
6655
6656
6660
6661
6662
6663
6665
6666
6667
6668
6673
6674
6675
6676
6677
6678
6679
6680
6681
6682
6683
6684
6685
6686
6687
6688
6689
6690
6691
6692
6693
6694
6695
6696
6697
6698
6699
6700
6701
6702
6703
6704
6705
6706
6707
6708
6709
6710
6711
6713
6714
6715
6716
6718
6719
6721
6722
6723
6724
6725
6726
6727
6728
6729
6730
6731
6732
6733
6734
6735
6736
6737
6738
6739
6740
6743
6744
6746
6747
6748
6749
6750
6751
6752
6753
6754
6755
6758
6759
6760
6761
6762
6763
6764
6765
6766
6767
6768
6769
6770
6771
6772
6773
6780
6786
6788
6790
6791
6792
6793
6794
6795
6798
6799
6800
6801
6802
6803
6804
6805
6806
6807
6808
6809
6810
6811
6812
6813
6814
6815
6816
6817
6818
6820
6821
6822
6828
6834
6840
6846
6852
6853
6856
6857
6858
6859
6860
6861
6862
6863
6864
6865
6866
6867
6883
6885
6889
6890
6891
6892
6898
6899
6900
6901
6904
6908
6909
6910
6911
6912
6913
6914
6915
6916
6917
6918
6919
6920
6921
6922
6923
6924
6925
6926
6945
6946
6947
6948
6949
6950
6951
6952
6953
6954
6955
6956
6957
6958
6959
6960
6961
6962
6963
6965
6968
6970
6971
6972
6973
6974
6975
6976
6977
6978
6979
6980
6981
6982
6983
6984
6985
6986
6987
6988
6989
6993
6994
6995
6996
6997
6998
6999
7000
7001
7003
7050
7051
7052
7053
7054
7055
7056
7057
7058
7059
7060
7061
7062
7063
7064
7065
7066
7067
7068
7069
7070
7071
7072
7073
7074
7075
7076
7077
7078
7079
7080
7081
7082
7083
7084
7085
7086
7087
7090
7091
7092
7093
7094
7095
7108
7109
7110
7111
7112
7113
7114
7115
7116
7117
7118
7120
7121
7140
7141
7142
7143
7144
7145
7146
7147
7150
7157
7158
7159
7160
7161
7162
7163
7164
7165
7168
7169
7170
7171
7172
7173
7176
7177
7178
7179
7180
7181
7182
7183
7186
7187
7188
7189
7190
7191
7192
7193
7196
7197
7198
7199
7200
7201
7202
7203
7206
7207
7208
7209
7210
7211
7212
7213
7216
7217
7218
7219
7220
7221
7222
7223
7224
7225
7226
7227
7230
7231
7232
7233
7234
7235
7269
7319
7320
7321
7322
7323
7324
7325
7326
7327
7328
7329
7330
7331
7332
7333
7334
7335
7336
7337
7338
7339
7340
7341
7342
7343
7344
7345
7346
7347
7348
7349
7350
7351
7352
7353
7354
7355
7356
7357
7358
7359
7360
7361
7362
7363
7364
7365
7366
7367
7368
7369
7370
7371
7372
7373
7374
7375
7376
7377
7378
7379
7380
7381
7382
7383
7384
7385
7386
7387
7388
7389
7390
7391
7392
7393
7394
7395
7396
7397
7398
7399
7400
7401
7402
7403
7404
7405
7406
7407
7408
7409
7410
7411
7414
7415
7416
7417
7418
7419
7420
7421
7422
7423
7424
7425
7426
7427
7428
7429
7430
7431
7432
7433
7434
7435
7436
7437
7438
7439
7440
7441
7442
7443
7444
7445
7446
7447
7448
7449
7450
7451
7452
7453
7454
7455
7456
7457
7458
7459
7460
7461
7462
7463
7464
7465
7467
7468
7469
7470
7471
7472
7473
7476
7477
7478
7479
7480
7481
7482
7483
7484
7485
7486
7487
7488
7489
7490
7491
7492
7493
7494
7495
7496
7497
7508
7509
7511
7512
7513
7514
7515
7516
7517
7518
7520
7521
7522
7527
7528
7529
7530
7531
7532
7534
7535
7536
7537
7538
7539
7540
7541
7542
7543
7544
7545
7546
7549
7551
7553
7563
7564
7566
7567
7568
7569
7570
7571
7572
7573
7574
7575
7576
7577
7578
7579
7580
7581
7582
7583
7584
7585
7586
7587
7592
7593
7594
7595
7596
7597
7622
7623
7628
7629
7630
7631
7632
7633
7634
7635
7636
7637
7639
7640
7641
7642
7643
7644
7645
7646
7647
7648
7649
7650
7651
7652
7653
7660
7661
7662
7663
7664
7665
7666
7667
7668
7669
7671
7675
7677
7678
7679
7680
7681
7682
7683
7684
7685
7686
7687
7688
7689
7690
7691
7692
7693
7694
7695
7696
7697
7698
7699
7700
7701
7702
7703
7738
7739
7756
7757
7759
7760
7761
7762
7763
7764
7765
7766
7767
7768
7769
7770
7771
7772
7774
7777
7778
7779
7782
7785
7788
7791
7794
7797
7800
7803
7804
7805
7806
7807
7808
7809
7810
7811
7812
7813
7815
7818
7821
7824
7827
7830
7833
7836
7839
7842
7845
7848
7851
7854
7857
7860
7863
7866
7869
7872
7875
7878
7881
7884
7887
7890
7893
7896
7899
7902
7905
7908
7911
7914
7917
7918
7919
7920
7921
7922
7927
7934
7935
7936
7937
7938
7939
7940
7941
7942
7944
7945
7946
7947
7948
7949
7950
7951
7954
7955
7958
7959
7960
7961
7967
7969
7970
7971
7972
7973
7974
7976
7977
7978
7979
7980
7981
7982
7983
7984
7985
7986
7987
7988
7989
7990
7991
7992
7993
7994
7995
7996
7997
7998
7999
8000
8001
8002
8003
8004
8005
8006
8007
8008
8009
8010
8011
8012
8013
8014
8016
8017
8018
8019
8020
8021
8022
8023
8024
8025
8026
8027
8028
8029
8030
8031
8032
8033
8034
8035
8036
8037
8038
8039
8040
8041
8042
8043
8044
8045
8046
8047
8048
8049
8050
8051
8052
8053
8054
8055
8056
8057
8058
8059
8060
8061
8062
8063
8064
8065
8066
8067
8068
8069
8070
8071
8072
8073
8074
8075
8076
8077
8078
8079
8080
8081
8082
8083
8084
8085
8086
8087
8088
8089
8090
8091
8093
8094
8095
8096
8097
8098
8099
8100
8101
8102
8103
8104
8105
8106
8107
8108
8109
8110
8111
8112
8113
8114
8115
8116
8117
8118
8119
8120
8121
8122
8123
8124
8125
8126
8127
8128
8129
8130
8131
8132
8133
8134
8135
8136
8137
8138
8139
8140
8141
8142
8143
8144
8145
8146
8147
8148
8149
8150
8151
8152
8153
8154
8155
8156
8157
8158
8159
8160
8161
8162
8163
8164
8165
8166
8168
8169
8170
8171
8172
8173
8174
8175
8176
8177
8178
8179
8180
8181
8182
8183
8184
8185
8187
8188
8189
8190
8191
8192
8193
8194
8195
8196
8197
8198
8199
8200
8201
8202
8203
8204
8205
8206
8207
8208
8209
8211
8212
8213
8215
8216
8217
8218
8219
8220
8221
8222
8223
8224
8225
8226
8227
8228
8229
8230
8231
8232
8233
8234
8235
8236
8237
8238
8239
8240
8246
8247
8248
8249
8252
8255
8258
8259
8267
8268
8269
8270
8271
8272
8273
8274
8275
8276
8277
8278
8285
8286
8287
8288
8289
8290
8291
8292
8293
8297
8298
8299
8300
8301
8302
8303
8304
8305
8306
8307
8308
8309
8310
8311
8312
8313
8314
8315
8316
8317
8318
8319
8320
8321
8322
8323
8324
8325
8326
8327
8328
8329
8330
8331
8332
8333
8334
8335
8336
8337
8338
8339
8340
8341
8342
8343
8344
8345
8346
8347
8348
8349
8350
8351
8352
8353
8354
8355
8356
8357
8358
8359
8360
8361
8362
8363
8364
8365
8366
8367
8370
8373
8374
8375
8376
8377
8378
8379
8380
8381
8382
8383
8384
8385
8386
8387
8388
8389
8390
8391
8392
8393
8394
8395
8396
8397
8398
8399
8400
8401
8405
8406
8407
8408
8409
8410
8411
8412
8413
8414
8415
8416
8417
8418
8419
8420
8421
8422
8423
8424
8425
8426
8427
8428
8429
8430
8431
8432
8433
8434
8435
8436
8438
8440
8442
8444
8446
8448
8450
8451
8452
8453
8454
8455
8456
8457
8458
8459
8460
8461
8462
8463
8464
8465
8473
8481
8489
8496
8497
8499
8501
8503
8505
8507
8509
8510
8511
8513
8515
8517
8519
8528
8529
8531
8533
8535
8537
8539
8541
8543
8545
8547
8549
8551
8553
8555
8557
8559
8561
8563
8565
8567
8569
8571
8573
8575
8577
8579
8581
8583
8585
8586
8587
8588
8589
8591
8593
8595
8597
8599
8601
8603
8605
8607
8609
8611
8613
8615
8617
8619
8621
8623
8625
8627
8629
8631
8633
8635
8637
8639
8641
8643
8645
8647
8649
8650
8651
8659
8667
8675
8682
8683
8691
8699
8707
8715
8723
8731
8739
8747
8755
8763
8771
8778
8779
8780
8781
8782
8783
8785
8786
8787
8789
8790
8791
8792
8793
8794
8795
8836
8837
8838
8839
8840
8841
8842
8844
8845
8846
8847
8848
8849
8850
8851
8856
8857
8858
8859
8860
8861
8862
8863
8864
8865
8866
8868
8870
8871
8872
8873
8874
8875
8876
8877
8878
8879
8880
8881
8882
8888
8889
8900
8901
8902
8903
8904
8905
8906
8907
8908
8909
8910
8911
8912
8913
8914
8915
8916
8917
8918
8919
8920
8921
8922
8923
8924
8925
8926
8927
8928
8929
8930
8931
8932
8933
8934
8935
8936
8938
8940
8943
8946
8950
8951
8952
8953
8954
8955
8956
8957
8958
8959
8960
8961
8962
8963
8964
8965
8966
8967
8968
8969
8970
8971
8972
8973
8974
8975
8976
8977
8978
8979
8980
8981
8982
8988
8989
8991
8992
8993
8994
8995
8996
8997
8998
8999
9000
9001
9002
9003
9004
9005
9006
9007
9008
9009
9010
9011
9012
9013
9014
9015
9016
9017
9018
9019
9021
9022
9023
9024
9025
9026
9027
9028
9029
9030
9031
9032
9033
9034
9035
9036
9037
9038
9039
9040
9041
9042
9043
9044
9052
9053
9054
9055
9056
9057
9058
9059
9064
9066
9067
9068
9069
9070
9071
9072
9073
9074
9075
9076
9077
9078
9079
9080
9081
9082
9083
9084
9085
9087
9088
9089
9090
9091
9092
9093
9094
9095
9096
9097
9098
9099
9100
9101
9102
9103
9104
9105
9106
9139
9140
9141
9142
9143
9144
9145
9174
9175
9176
9177
9178
9179
9180
9181
9182
9183
9184
9185
9186
9187
9188
9189
9190
9191
9192
9193
9194
9236
9237
9238
9239
9240
9241
9242
9243
9244
9245
9286
9287
9288
9289
9290
9291
9292
9293
9294
9295
9296
9297
9298
9299
9300
9301
9302
9303
9304
9305
9306
9335
9336
9337
9338
9339
9340
9341
9342
9375
9376
9377
9378
9379
9380
9381
9382
9415
9416
9417
9418
9420
9421
9422
9423
9424
9425
9426
9427
9428
9429
9430
9431
9432
9433
9434
9435
9436
9437
9438
9439
9440
9441
9442
9443
9444
9445
9446
9447
9448
9449
9450
9451
9452
9453
9454
9455
9456
9457
9458
9459
9460
9461
9462
9463
9464
9465
9466
9467
9468
9469
9470
9471
9472
9473
9475
9476
9477
9478
9523
9551
9552
9558
9565
9566
9567
9568
9569
9570
9571
9574
9577
9586
9587
9588
9589
9591
9592
9593
9594
9595
9597
9598
9599
9600
9601
9602
9603
9604
9605
9606
9607
9608
9609
9610
9611
9612
9613
9614
9615
9616
9617
9618
9619
9620
9621
9622
9623
9624
9625
9626
9627
9629
9630
9632
9633
9634
9635
9636
9637
9638
9639
9640
9641
9642
9643
9644
9645
9646
9647
9648
9650
9651
9652
9653
9655
9656
9657
9658
9662
9666
9667
9668
9669
9670
9671
9672
9673
9674
9675
9676
9677
9678
9679
9680
9681
9682
9683
9684
9685
9686
9687
9688
9689
9690
9692
9694
9696
9698
9701
9703
9704
9705
9706
9715
9717
9718
9719
9720
9723
9724
9725
9726
9727
9728
9729
9730
9731
9732
9733
9734
9735
9736
9737
9738
9739
9740
9741
9742
9743
9744
9745
9746
9747
9748
9749
9750
9751
9752
9753
9754
9755
9756
9757
9758
9759
9760
9761
9762
9763
9764
9765
9766
9767
9768
9769
9770
9771
9772
9773
9774
9775
9776
9777
9778
9779
9780
9781
9782
9783
9784
9785
9786
9787
9788
9789
9790
9791
9792
9793
9794
9795
9796
9797
9798
9799
9800
9801
9802
9803
9804
9805
9806
9807
9808
9809
9810
9811
9812
9813
9814
9815
9817
9818
9819
9820
9821
9822
9823
9824
9825
9826
9827
9828
9830
9832
9835
9836
9837
9838
9839
9840
9841
9842
9848
9852
9853
9854
9855
9856
9857
9858
9864
9865
9866
9867
9868
9869
9870
9871
9872
9873
9874
9875
9876
9877
9878
9879
9880
9881
9882
9883
9884
9885
9886
9887
9888
9889
9890
9891
9892
9901
9902
9903
9904
9906
9913
9914
9915
9916
9917
9918
9919
9920
9921
9922
9923
9924
9925
9932
9933
9934
9935
9936
9937
9938
9939
9940
9941
9942
9943
9944
9945
9946
9947
9948
9949
9950
9951
9952
9953
9965
9966
9967
9968
9969
9970
9974
9975
9976
9977
9978
9979
9980
9981
9982
9983
9984
9985
9986
9987
9988
9989
9990
9991
9992
9993
9994
9995
9996
9997
9998
9999
10000
10001
10002
10003
10004
10005
10006
10008
10010
10011
10012
10013
10014
10015
10016
10017
10018
10019
10020
10021
10023
10025
10027
10028
10029
10030
10031
10035
10036
10037
10038
10039
10040
10041
10042
10043
10044
10045
10046
10047
10048
10049
10050
10051
10052
10053
10054
10055
10056
10057
10058
10059
10060
10061
10062
10063
10064
10065
10066
10067
10068
10069
10070
10071
10072
10075
10076
10077
10078
10079
10080
10081
10082
10083
10084
10085
10086
10087
10088
10089
10090
10091
10092
10093
10094
10095
10096
10097
10098
10099
10100
10101
10102
10103
10104
10105
10106
10107
10108
10109
10110
10111
10112
10113
10114
10115
10116
10117
10118
10119
10120
10121
10122
10123
10124
10125
10126
10127
10128
10129
10130
10132
10133
10134
10135
10136
10137
10138
10139
10140
10141
10142
10143
10144
10145
10146
10147
10148
10149
10150
10151
10156
10157
10158
10159
10160
10161
10162
10163
10167
10171
10172
10173
10174
10176
10177
10178
10179
10280
10281
10282
10283
10284
10285
10286
10287
10288
10289
10290
10291
10292
10293
10294
10295
10296
10297
10298
10299
10300
10301
10302
10303
10304
10305
10306
10307
10308
10309
10310
10311
10312
10313
10314
10315
10316
10317
10318
10319
10320
10321
10322
10323
10324
10325
10326
10327
10328
10329
10330
10331
10332
10333
10334
10335
10336
10337
10338
10339
10340
10341
10342
10343
10344
10345
10346
10347
10348
10349
10350
10351
10352
10353
10354
10355
10356
10357
10358
10359
10360
10361
10362
10363
10364
10365
10366
10367
10368
10369
10370
10371
10372
10373
10374
10375
10376
10377
10378
10379
10380
10381
10382
10383
10384
10385
10386
10387
10388
10389
10390
10391
10392
10393
10394
10395
10396
10397
10398
10399
10400
10401
10402
10403
10404
10405
10406
10407
10408
10409
10410
10411
10412
10413
10414
10415
10416
10417
10418
10419
10420
10421
10422
10423
10424
10425
10426
10427
10428
10429
10430
10431
10432
10433
10434
10435
10436
10437
10438
10439
10440
10441
10442
10443
10444
10445
10447
10448
10449
10451
10452
10453
10454
10455
10456
10457
10458
10459
10460
10461
10462
10463
10464
10465
10466
10467
10468
10469
10470
10471
10472
10473
10474
10475
10487
10488
10489
10490
10491
10493
10494
10495
10496
10497
10498
10499
10500
10501
10506
10507
10508
10510
10513
10514
10515
10516
10521
10526
10531
10532
10533
10534
10535
10536
10537
10538
10539
10540
10541
10542
10543
10544
10545
10546
10547
10548
10549
10550
10551
10552
10553
10555
10556
10557
10558
10559
10560
10562
10563
10564
10565
10569
10573
10574
10581
10582
10583
10584
10585
10586
10587
10588
10589
10590
10591
10592
10593
10594
10595
10597
10600
10808
10809
10810
10811
10812
10813
10814
10815
10816
10817
10818
10819
10820
10821
10822
10823
10826
10827
10828
10829
10830
10831
10832
10833
10834
10835
10836
10837
10838
10839
10840
10841
10843
10844
10845
10846
10847
10848
10849
10850
10851
10852
10853
10854
10855
10856
10857
10858
10859
10862
10863
10864
10865
10866
10870
10872
10873
10874
10875
10876
10877
10878
10879
10880
10881
10882
10885
10886
10887
10889
10891
10892
10893
10894
10895
10896
10897
10899
10904
10909
10910
10911
10912
10913
10914
10915
10916
10917
10918
10919
10920
10921
10922
10923
10924
10925
10926
10927
10928
10929
10930
10931
10932
10933
10937
10938
10939
10940
10941
10946
10947
10948
10949
10950
10952
10953
10954
10955
10956
10957
10958
10959
10960
10961
10962
10963
10964
10965
10966
10967
10968
10969
10970
10971
10972
10973
10974
10975
10976
10977
10978
10979
10980
10981
10982
10983
10987
10989
10993
10995
10996
10997
10998
10999
11000
11001
11002
11003
11006
11007
11008
11009
11010
11011
11012
11013
11014
11019
11020
11021
11022
11023
11024
11025
11026
11031
11032
11033
11034
11035
11037
11038
11044
11047
11048
11049
11050
11052
11054
11056
11058
11060
11061
11062
11064
11065
11066
11068
11070
11071
11073
11074
11075
11076
11077
11079
11080
11081
11082
11083
11084
11085
11086
11088
11089
11090
11091
11092
11093
11095
11096
11097
11098
11099
11100
11101
11102
11103
11104
11105
11106
11107
11108
11109
11110
11111
11112
11113
11114
11115
11116
11117
11118
11119
11120
11121
11122
11123
11124
11125
11126
11127
11128
11129
11130
11131
11133
11134
11136
11138
11140
11151
11152
11153
11154
11155
11156
11157
11158
11159
11169
11170
11173
11175
11176
11177
11178
11179
11180
11181
11182
11183
11184
11190
11191
11192
11193
11194
11195
11196
11197
11198
11199
11200
11201
11202
11203
11204
11205
11210
11211
11212
11217
11222
11227
11228
11229
11230
11231
11232
11233
11234
11235
11236
11237
11238
11239
11240
11241
11242
11243
11244
11245
11246
11247
11248
11249
11250
11251
11252
11253
11254
11255
11256
11257
11258
11259
11260
11261
11262
11263
11264
11265
11266
11270
11273
11275
11279
11280
11281
11282
11283
11285
11286
11287
11323
11324
11325
11326
11327
11328
11329
11330
11331
11332
11333
11334
11335
11336
11337
11338
11339
11340
11341
11367
11368
11369
11370
11371
11372
11373
11374
11375
11376
11377
11378
11379
11380
11381
11382
11383
11384
11385
11386
11387
11388
11389
11390
11391
11392
11393
11394
11395
11396
11397
11398
11399
11400
11401
11402
11403
11404
11405
11406
11407
11408
11409
11410
11411
11412
11413
11414
11415
11416
11417
11418
11419
11420
11427
11429
11430
11431
11432
11433
11434
11435
11436
11437
11438
11439
11440
11441
11442
11443
11444
11445
11446
11447
11448
11449
11450
11451
11452
11453
11454
11455
11456
11457
11458
11459
11460
11461
11462
11463
11464
11465
11466
11467
11468
11469
11470
11471
11472
11473
11474
11475
11476
11477
11478
11479
11480
11481
11482
11483
11484
11485
11486
11487
11488
11489
11490
11491
11492
11493
11494
11495
11496
11497
11498
11499
11500
11501
11502
11503
11504
11505
11506
11507
11508
11509
11510
11511
11512
11513
11514
11515
11516
11517
11518
11519
11520
11521
11522
11523
11524
11527
11547
11549
11550
11551
11552
11553
11574
11578
11580
11599
11600
11601
11603
11604
11605
11606
11628
11640
11645
11646
11647
11655
11656
11657
11663
11664
11665
11666
11667
11668
11669
11670
11671
11672
11673
11677
11678
11680
11681
11682
11705
11707
11708
11709
11710
11711
11712
11713
11714
11715
11716
11717
11718
11719
11720
11721
11722
11723
11724
11725
11726
11727
11728
11729
11730
11731
11732
11733
11734
11735
11736
11737
11738
11739
11740
11741
11742
11743
11744
11745
11746
11747
11748
11749
11750
11751
11752
11753
11754
11755
11756
11757
11758
11759
11760
11761
11762
11763
11764
11765
11766
11767
11768
11769
11770
11771
11772
11773
11774
11775
11776
11777
11778
11779
11780
11781
11782
11783
11784
11785
11786
11787
11788
11789
11790
11791
11792
11793
11794
11795
11796
11797
11798
11799
11800
11801
11802
11803
11804
11805
11806
11807
11808
11809
11810
11811
11812
11813
11814
11815
11816
11817
11818
11819
11820
11821
11822
11823
11824
11825
11826
11827
11828
11829
11830
11831
11832
11833
11834
11835
11836
11837
11838
11839
11840
11841
11842
11847
11848
11849
11850
11852
11854
11856
11858
11860
11862
11863
11864
11865
11866
11867
11868
11869
11870
11871
11872
11873
11877
11878
11879
11880
11881
11882
11883
11884
11885
11886
11887
11888
11889
11890
11902
11903
11904
11905
11906
11907
11908
11909
11910
11911
11912
11913
11916
11918
11919
11920
11921
11922
11924
11925
11926
11927
11928
11929
11930
11931
11932
11933
11934
11935
11936
11937
11938
11939
11940
11941
11942
11943
11944
11945
11946
11947
11948
11949
11950
11951
11952
11953
11954
11955
11956
11957
11958
11959
11960
11961
11962
11963
11964
11965
11966
11967
11968
11969
11970
11971
11972
11973
11974
11975
11976
11977
11978
11979
11980
11981
11982
11983
11984
11985
11986
11987
11988
11989
11990
11991
11992
11993
11995
11996
11997
11998
11999
12000
12001
12002
12003
12004
12005
12006
12007
12008
12009
12011
12012
12013
12014
12015
12016
12017
12018
12073
12084
12128
12161
12193
12194
12195
12196
12197
12198
12199
12200
12201
12202
12203
12204
12205
12206
12207
12208
12209
12210
12211
12212
12213
12214
12215
12216
12217
12218
12219
12220
12221
12222
12223
12224
12225
12226
12227
12228
12229
12230
12231
12232
12233
12234
12235
12236
12237
12238
12239
12240
12241
12242
12243
12244
12245
12246
12247
12248
12249
12250
12251
12252
12253
12254
12255
12256
12257
12258
12259
12260
12261
12262
12263
12264
12265
12266
12267
12268
12269
12270
12271
12272
12273
12274
12275
12276
12277
12278
12279
12280
12281
12282
12283
12284
12285
12286
12287
12288
12289
12290
12291
12292
12293
12294
12295
12296
12297
12298
12299
12300
12301
12302
12303
12304
12305
12306
12307
12308
12309
12310
12311
12312
12313
12314
12315
12316
12317
12318
12319
12320
12321
12322
12323
12324
12325
12326
12327
12328
12329
12330
12331
12332
12333
12334
12335
12336
12337
12338
12339
12340
12341
12342
12343
12344
12345
12346
12347
12348
12349
12350
12351
12352
12353
12354
12355
12356
12357
12358
12359
12360
12361
12362
12363
12364
12365
12366
12367
12368
12369
12370
12371
12372
12373
12374
12375
12376
12377
12378
12379
12380
12381
12382
12383
12384
12385
12386
12387
12388
12389
12390
12391
12392
12393
12394
12395
12396
12397
12398
12399
12400
12402
12403
12404
12405
12406
12407
12408
12409
12410
12411
12412
12413
12414
12415
12416
12417
12418
12419
12420
12421
12422
12423
12424
12425
12426
12427
12428
12429
12430
12431
12432
12433
12434
12435
12436
12437
12438
12439
12440
12441
12442
12443
12444
12445
12446
12447
12448
12449
12450
12451
12452
12453
12454
12455
12456
12457
12458
12459
12460
12461
12462
12463
12464
12465
12466
12467
12468
12469
12470
12471
12472
12473
12474
12475
12476
12477
12478
12479
12480
12481
12482
12483
12484
12485
12486
12487
12488
12489
12490
12491
12492
12493
12494
12495
12496
12497
12498
12499
12500
12501
12502
12503
12504
12505
12506
12507
12508
12509
12510
12511
12512
12513
12514
12515
12516
12517
12518
12519
12520
12521
12522
12523
12524
12525
12526
12527
12528
12529
12530
12531
12532
12533
12534
12535
12536
12537
12538
12539
12540
12541
12592
12593
12596
12597
12598
12599
12600
12601
12602
12603
12604
12605
12606
12607
12608
12609
12610
12611
12612
12613
12614
12615
12616
12617
12618
12619
12620
12621
12622
12623
12624
12625
12626
12627
12628
12629
12630
12631
12632
12633
12634
12635
12636
12637
12638
12639
12641
12642
12643
12644
12645
12646
12647
12648
12649
12650
12651
12652
12653
12654
12655
12656
12658
12659
12691
12692
12693
12694
12695
12696
12697
12698
12699
12700
12701
12702
12703
12704
12705
12706
12707
12708
12709
12710
12711
12712
12713
12714
12715
12716
12717
12718
12719
12720
12721
12722
12723
12724
12725
12727
12728
12729
12730
12731
12732
12733
12734
12735
12736
12737
12738
12739
12740
12741
12742
12743
12744
12745
12746
12748
12749
12750
12751
12752
12753
12754
12755
12756
12757
12758
12759
12760
12761
12762
12763
12764
12769
12770
12771
12772
12773
12774
12775
12776
12777
12778
12779
12780
12781
12782
12783
12784
12785
12786
12787
12788
12789
12790
12791
12792
12793
12794
12798
12799
12800
12801
12802
12803
12804
12805
12808
12809
12810
12811
12812
12813
12814
12815
12816
12817
12818
12819
12820
12821
12822
12823
12824
12825
12826
12827
12828
12829
12830
12831
12832
12833
12834
12835
12836
12837
12838
12839
12840
12842
12843
12844
12845
12846
12847
12849
12850
12851
12852
12853
12854
12855
12856
12857
12858
12859
12860
12861
12863
12864
12865
12866
12867
12868
12869
12870
12871
12872
12873
12874
12875
12876
12877
12878
12879
12880
12881
12882
12883
12884
12885
12886
12887
12888
12889
12890
12891
12892
12893
12894
12895
12896
12897
12898
12899
12900
12901
12902
12903
12904
12905
12906
12907
12908
12909
12910
12911
12912
12913
12914
12915
12916
12917
12918
12919
12920
12921
12922
12923
12924
12925
12926
12927
12928
12929
12930
12931
12932
12933
12935
12936
12937
12938
12939
12941
12942
12943
12944
12945
12946
12947
12948
12949
12950
12951
12952
12953
12954
12955
12956
12957
12958
12959
12960
12961
12962
12963
12964
12965
12966
12967
12968
12969
12970
12971
12972
12973
12974
12975
12976
12977
12978
12979
12980
12981
12982
12983
12984
12985
12986
12987
12988
12989
12990
12991
12992
12993
12994
12995
12996
12997
12998
12999
13000
13001
13002
13003
13004
13005
13006
13007
13008
13009
13010
13011
13012
13013
13014
13015
13016
13017
13018
13019
13020
13021
13022
13023
13024
13025
13026
13027
13028
13029
13030
13031
13032
13033
13034
13035
13036
13037
13038
13039
13040
13041
13042
13043
13044
13045
13046
13047
13048
13049
13050
13051
13052
13053
13054
13055
13056
13057
13058
13059
13060
13061
13062
13063
13064
13065
13066
13067
13068
13069
13070
13071
13072
13073
13079
13080
13081
13082
13083
13084
13085
13086
13087
13088
13089
13090
13091
13092
13093
13094
13095
13096
13097
13098
13099
13100
13101
13102
13103
13104
13105
13106
13107
13108
13109
13110
13111
13112
13113
13114
13115
13116
13117
13118
13119
13120
13121
13122
13123
13124
13125
13126
13127
13128
13129
13130
13131
13132
13133
13134
13135
13136
13137
13138
13139
13140
13141
13142
13143
13144
13149
13150
13151
13152
13153
13154
13155
13156
13157
13158
13159
13160
13161
13162
13163
13164
13165
13166
13167
13168
13169
13170
13171
13172
13173
13174
13175
13176
13177
13178
13179
13180
13181
13182
13183
13184
13185
13186
13187
13188
13190
13192
13193
13194
13195
13196
13197
13198
13199
13200
13201
13202
13203
13205
13215
13216
13217
13218
13221
13222
13223
13225
13226
13227
13228
13229
13230
13231
13232
13233
13234
13235
13236
13237
13238
13239
13240
13241
13242
13243
13244
13245
13246
13247
13248
13249
13250
13251
13252
13253
13254
13255
13256
13257
13258
13259
13260
13261
13262
13263
13264
13265
13266
13267
13268
13269
13270
13271
13272
13273
13274
13275
13276
13277
13278
13279
13280
13281
13283
13284
13285
13286
13287
13288
13302
13307
13317
13318
13319
13320
13321
13322
13323
13324
13325
13326
13327
13328
13329
13330
13331
13332
13333
13334
13335
13336
13337
13338
13339
13343
13344
13345
13347
13348
13349
13350
13351
13352
13353
13354
13355
13356
13357
13358
13359
13360
13361
13362
13363
13364
13365
13366
13367
13368
13369
13370
13371
13372
13373
13374
13375
13376
13377
13378
13379
13380
13381
13382
13383
13384
13385
13386
13387
13388
13389
13390
13391
13392
13393
13394
13395
13396
13397
13398
13399
13400
13401
13402
13403
13404
13405
13406
13407
13408
13409
13410
13411
13412
13413
13414
13415
13417
13418
13419
13420
13421
13422
13423
13424
13425
13426
13427
13428
13429
13430
13431
13432
13433
13434
13435
13436
13437
13438
13439
13440
13441
13442
13443
13444
13445
13446
13447
13449
13450
13452
13453
13455
13456
13458
13459
13461
13462
13464
13465
13467
13468
13470
13471
13473
13474
13476
13477
13479
13480
13482
13483
13485
13486
13488
13489
13491
13492
13494
13495
13497
13498
13500
13501
13503
13504
13506
13507
13509
13510
13512
13513
13514
13524
13525
13526
13527
13528
13529
13530
13531
13532
13533
13534
13535
13536
13537
13538
13539
13540
13541
13542
13543
13544
13545
13546
13547
13548
13549
13550
13551
13552
13553
13554
13555
13556
13557
13558
13559
13560
13561
13562
13563
13565
13566
13567
13568
13569
13570
13571
13572
13573
13574
13575
13576
13577
13639
13640
13642
13643
13644
13646
13648
13649
13650
13651
13652
13655
13658
13659
13660
13663
13664
13665
13666
13679
13680
13681
13766
13767
13768
13769
13770
13771
13772
13773
13774
13775
13776
13777
13778
13867
13868
13869
13874
13884
13978
13979
13980
13981
13983
13984
13985
13986
13988
14012
14404
14405
14407
14409
14411
14413
14415
15099
15196
15197
15198
15199
15200
15201
15202
15203
15204
15205
15206
15207
15208
15209
15211
15212
15213
15214
15250
15254
15286
15287
15288
15289
15290
15291
15292
15293
15294
15295
15296
15299
15300
15301
15305
15306
15307
15310
15311
15312
15313
15324
15329
15330
15340
15341
15342
15622
15754
16077
16078
16224
16285
16415
16419
16457
16496
16499
16506
16604
16652
16665
16686
16729
16798
16852
16884
16897
16899
16913
16972
16980
16983
16984
16985
16986
16987
16988
17004
17016
17067
17113
17117
17165
17166
17239
17311
17410
17432
17447
17450
17607
17608
17609
17610
17611
17612
17613
17614
17659
17703
17724
17740
17770
17827
17854
17856
17878
17879
17980
17981
17982
17983
17993
18362
18541
18542
18543
18544
18545
18546
18547
18548
18549
18550
18551
18552
18553
18554
18589
18730
18731
18882
18933
18944
19036
19062
19088
19142
19473
19476
19478
19479
19481
19482
19484
19486
19488
19490
19492
19493
19494
19496
19497
19501
19502
19505
19513
19515
19516
19517
19519
19521
19523
19525
19527
19529
19530
19533
19535
19536
19538
19539
19541
19542
19544
19545
19547
19548
19550
19551
19553
19554
19558
19560
19562
19564
19567
19568
19569
19586
19587
19589
19590
19592
19593
19595
19596
19598
19599
19601
19602
19604
19605
19607
19608
19610
19611
19613
19615
19617
19619
19621
19623
19625
19627
19629
19631
19634
19636
19637
19638
19639
19641
19643
19645
19647
19649
19651
19653
19654
19656
19657
19659
19660
19662
19663
19665
19666
19668
19669
19670
19671
19672
19673
19674
19675
19677
19679
19681
19683
19685
19687
19689
19691
19693
19695
19697
19699
19701
19702
19704
19705
19707
19708
19710
19712
19714
19716
19718
19720
19722
19724
19725
19727
19728
19730
19731
19732
19812
19835
19836
19837
19838
19839
19913
19915
19916
19918
19919
19921
19922
19924
19925
19927
19928
19930
19931
19933
19934
19936
19937
19939
19941
19943
19944
19946
19947
19949
19950
19952
19953
19955
19956
19958
19959
19961
19962
19964
19965
19967
19968
19970
19971
19973
19974
19976
19977
19979
19980
19982
19983
19985
19986
19988
19989
19991
19992
19994
19995
19997
19998
20000
20002
20003
20005
20006
20008
20009
20011
20012
20014
20015
20017
20018
20020
20021
20023
20024
20026
20027
20029
20030
20032
20033
20035
20036
20038
20039
20041
20042
20044
20045
20047
20048
20050
20051
20053
20054
20056
20057
20059
20060
20062
20063
20065
20066
20068
20069
20071
20072
20074
20075
20077
20078
20080
20081
20083
20084
20086
20087
20089
20090
20092
20093
20095
20096
20098
20099
20101
20102
20104
20105
20107
20108
20110
20111
20113
20114
20116
20117
20119
20120
20122
20123
20125
20126
20128
20129
20131
20132
20134
20135
20137
20138
20140
20141
20143
20144
20146
20147
20149
20150
20152
20153
20155
20156
20158
20159
20161
20162
20164
20166
20167
20169
20170
20172
20173
20175
20176
20178
20179
20181
20182
20184
20185
20187
20188
20190
20191
20193
20194
20196
20197
20199
20200
20202
20203
20205
20206
20208
20209
20211
20212
20214
20215
20217
20218
20220
20221
20223
20224
20226
20227
20229
20230
20232
20233
20235
20236
20238
20240
20241
20243
20244
20246
20247
20249
20251
20252
20254
20255
20257
20258
20260
20261
20263
20264
20266
20267
20269
20270
20272
20273
20275
20276
20280
20355
20358
20360
20362
20364
20366
20368
20370
20372
20374
20376
20377
20379
20380
20382
20383
20385
20386
20397
20430
20433
20434
20436
20437
20439
20440
20442
20443
20445
20447
20449
20451
20453
20455
20457
20459
20461
20463
20465
20467
20469
20471
20473
20475
20477
20479
20481
20483
20485
20489
20491
20507
20509
20511
20513
20515
20517
20518
20520
20521
20523
20524
20525
20526
20527
20532
20533
20534
20535
20536
20537
20539
20541
20543
20544
20545
20546
20590
20591
20594
20595
20596
20601
20602
20603
20604
20607
20608
20609
20611
20613
20615
20617
20618
20619
20620
20623
20624
20625
20626
20627
20628
20629
20630
20631
20632
20633
20634
20636
20637
20638
20639
20640
20641
20642
20643
20644
20645
20646
20647
20648
20649
20650
20651
20652
20653
20654
20655
20657
20659
20660
20661
20662
20663
20664
20665
20666
20667
20669
20671
20673
20675
20677
20679
20681
20683
20685
20687
20689
20691
20693
20694
20695
20696
20697
20698
20699
20700
20701
20702
20703
20704
20706
20708
20710
20712
20714
20716
20717
20718
20720
20724
20725
20727
20728
20730
20731
20733
20734
20736
20737
20739
20740
20742
20743
20745
20746
20747
20749
20750
20751
20752
20754
20756
20757
20760
20764
20766
20767
20768
20769
20770
20773
20775
20777
20779
20781
20783
20786
20787
20788
20789
20790
20791
20792
20794
20796
20798
20800
20801
20832
20834
20836
20838
20840
20842
20844
20846
20848
20849
20851
20852
20853
20855
20856
20857
20858
20859
20860
20861
20862
20863
20864
20865
20866
20867
20868
20869
20870
20871
20872
20873
20874
20875
20876
20877
20878
20879
20880
20881
20882
20883
20884
20885
20886
20887
20888
20889
20890
20891
20892
20893
20894
20895
20896
20897
20898
20899
20900
20901
20902
20904
20905
20907
20908
20910
20911
20912
20913
20914
20915
20916
20917
20918
20919
20920
20921
20922
20923
20924
20925
20926
20927
20928
20929
20930
20931
20932
20933
20934
20935
20936
20937
20938
20939
20940
20941
20942
20943
20944
20945
20946
20947
20948
20949
20950
20951
20952
20953
20954
20955
20956
20957
20958
20959
20960
20961
20962
20963
20964
20965
20966
20967
20968
20969
20970
20971
20972
20973
20974
20975
20976
20977
20978
20979
20980
20981
20982
20983
20984
20985
20986
20987
20988
20993
20994
20995
20996
20997
20998
21000
21001
21003
21004
21006
21007
21009
21010
21012
21013
21015
21016
21018
21019
21021
21022
21024
21025
21027
21028
21029
21031
21033
21034
21035
21036
21037
21038
21039
21043
21044
21046
21047
21048
21049
21050
21079
21080
21081
21082
21084
21085
21087
21088
21090
21091
21093
21094
21096
21097
21099
21100
21102
21103
21105
21106
21108
21109
21111
21112
21114
21115
21117
21118
21120
21121
21123
21124
21126
21127
21129
21130
21132
21133
21134
21135
21136
21137
21138
21139
21140
21141
21143
21144
21146
21147
21149
21150
21151
21152
21153
21154
21155
21156
21157
21158
21160
21161
21163
21164
21166
21167
21169
21170
21171
21172
21173
21174
21175
21176
21177
21178
21180
21181
21183
21184
21187
21188
21189
21190
21191
21192
21193
21194
21195
21196
21197
21202
21203
21208
21209
21211
21213
21214
21216
21217
21218
21219
21220
21221
21222
21223
21224
21225
21226
21227
21228
21229
21230
21231
21232
21233
21234
21235
21236
21237
21238
21239
21240
21241
21242
21243
21244
21245
21246
21247
21248
21249
21251
21252
21255
21257
21259
21260
21261
21263
21264
21266
21268
21270
21271
21273
21274
21275
21276
21278
21279
21280
21282
21284
21287
21289
21291
21292
21293
21295
21298
21299
21301
21302
21304
21305
21307
21308
21309
21310
21311
21312
21313
21314
21318
21320
21322
21324
21328
21330
21334
21336
21340
21341
21343
21345
21347
21348
21350
21354
21358
21359
21360
21387
21388
21389
21391
21392
21394
21428
21433
21439
21469
21471
21473
21475
21477
21478
21480
21481
21483
21484
21486
21488
21490
21504
21505
21507
21509
21510
21511
21512
21513
21515
21516
21517
21518
21519
21521
21522
21528
21529
21530
21531
21532
21533
21534
21535
21536
21537
21538
21539
21540
21541
21543
21545
21547
21549
21551
21553
21555
21562
21564
21566
21568
21570
21572
21574
21576
21578
21580
21582
21584
21586
21588
21590
21592
21594
21596
21598
21600
21602
21604
21606
21608
21610
21612
21614
21616
21618
21620
21622
21624
21626
21627
21629
21630
21631
21633
21635
21637
21638
21643
21644
21646
21647
21649
21650
21652
21653
21655
21656
21662
21664
21666
21668
21670
21672
21674
21676
21678
21680
21682
21684
21685
21687
21688
21690
21691
21693
21695
21697
21698
21699
21701
21702
21704
21705
21707
21708
21710
21711
21712
21713
21714
21716
21717
21718
21719
21722
21724
21726
21728
21730
21731
21733
21734
21736
21737
21739
21740
21742
21743
21745
21746
21748
21749
21750
21752
21754
21756
21757
21758
21760
21762
21764
21766
21768
21770
21772
21774
21776
21778
21780
21782
21784
21786
21788
21791
21793
21795
21797
21798
21799
21800
21802
21804
21805
21807
21808
21810
21811
21813
21814
21816
21817
21818
21820
21827
21838
21839
21841
21842
21843
21844
21845
21846
21859
21861
21862
21863
21864
21865
21866
21867
21868
21869
21871
21872
21874
21875
21880
21882
21883
21885
21886
21888
21890
21892
21893
21895
21896
21898
21900
21902
21903
21909
21911
21913
21914
21916
21918
21919
21921
21922
21926
21928
21952
21953
21975
21976
21978
21979
21981
21982
21984
21985
21987
21988
21990
21992
21993
21994
21995
21997
21998
22002
22004
22006
22007
22009
22033
22034
22035
22036
22037
22038
22039
22040
22041
22042
22043
22044
22045
22046
22047
22048
22049
22050
22051
22052
22079
22081
22083
22084
22085
22086
22087
22088
22093
22094
22096
22097
22098
22100
22101
22103
22104
22106
22107
22109
22111
22112
22116
22118
22119
22121
22122
22124
22125
22159
22191
22192
22193
22195
22196
22198
22199
22201
22202
22204
22205
22209
22210
22212
22213
22215
22216
22218
22219
22221
22222
22224
22225
22231
22232
22234
22236
22237
22239
22240
22242
22244
22246
22247
22249
22251
22252
22254
22255
22257
22258
22260
22261
22263
22264
22266
22267
22269
22270
22272
22273
22275
22276
22278
22279
22281
22282
22284
22285
22287
22288
22290
22291
22292
22294
22295
22296
22297
22299
22300
22302
22303
22305
22306
22316
22318
22319
22320
22321
22322
22323
22324
22325
22326
22327
22328
22329
22330
22331
22333
22335
22351
22353
22355
22356
22358
22359
22361
22362
22364
22368
22369
22370
22372
22373
22374
22376
22378
22380
22382
22384
22386
22388
22390
22392
22394
22396
22398
22400
22402
22403
22404
22405
22406
22407
22411
22412
22413
22414
22415
22416
22418
22420
22422
22423
22424
22425
22426
22427
22428
22430
22431
22433
22435
22437
22438
22439
22441
22443
22444
22447
22449
22450
22452
22453
22455
22456
22458
22459
22461
22462
22464
22465
22467
22468
22470
22471
22473
22474
22475
22477
22478
22481
22482
22483
22486
22487
22488
22490
22492
22494
22496
22498
22500
22502
22504
22505
22506
22507
22508
22510
22511
22512
22513
22514
22515
22516
22517
22521
22541
22542
22543
22545
22547
22548
22550
22552
22553
22555
22557
22558
22588
22589
22590
22591
22592
22593
22595
22597
22599
22601
22603
22604
22606
22607
22608
22609
22610
22611
22613
22614
22616
22617
22619
22620
22622
22623
22625
22626
22628
22629
22631
22632
22634
22636
22638
22639
22641
22642
22644
22645
22647
22648
22650
22651
22653
22654
22656
22657
22660
22661
22671
22673
22675
22684
22689
22692
22695
22698
22701
22704
22705
22706
22707
22708
22709
22710
22711
22712
22713
22715
22717
22719
22731
22732
22734
22735
22737
22738
22740
22741
22743
22744
22746
22747
22754
22756
22758
22761
22762
22763
22764
22765
22766
22767
22768
22769
22770
22771
22772
22773
22775
22776
22780
22781
22783
22784
22786
22787
22789
22790
22792
22793
22795
22796
22803
22804
22806
22808
22810
22816
22820
22826
22827
22829
22830
22832
22833
22835
22836
22838
22840
22842
22844
22846
22848
22850
22852
22854
22856
22857
22859
22860
22862
22864
22866
22867
22869
22871
22873
22875
22877
22879
22881
22883
22885
22887
22929
22930
22932
22933
22935
22936
22941
22943
22945
22947
22949
22951
22952
22954
22955
22957
22958
22960
22961
22963
22964
22966
22967
22969
22971
22973
22975
22976
22978
22979
22981
22983
22984
22986
22988
22989
22993
22994
22995
22999
23000
23002
23003
23007
23008
23009
23010
23011
23012
23013
23014
23015
23016
23017
23018
23019
23020
23021
23022
23037
23038
23040
23041
23042
23043
23047
23048
23050
23051
23053
23054
23056
23057
23059
23060
23064
23065
23067
23071
23073
23075
23077
23079
23081
23083
23091
23093
23095
23097
23099
23101
23108
23110
23111
23113
23114
23116
23117
23119
23120
23122
23124
23125
23127
23129
23182
23184
23185
23186
23188
23189
23191
23192
23194
23195
23197
23198
23200
23201
23203
23204
23206
23207
23209
23210
23212
23213
23215
23216
23218
23219
23221
23222
23224
23225
23227
23228
23230
23232
23233
23235
23237
23238
23240
23242
23243
23245
23246
23247
23249
23250
23252
23253
23255
23256
23258
23259
23261
23262
23264
23265
23267
23268
23270
23271
23273
23274
23276
23277
23279
23280
23282
23283
23285
23286
23288
23289
23291
23292
23294
23295
23297
23298
23300
23301
23303
23304
23306
23307
23309
23310
23312
23313
23315
23316
23318
23319
23321
23322
23324
23325
23327
23328
23336
23337
23339
23340
23342
23343
23345
23346
23348
23349
23351
23352
23354
23355
23357
23358
23360
23361
23363
23364
23366
23367
23369
23370
23372
23373
23375
23376
23378
23379
23381
23382
23384
23385
23387
23389
23390
23392
23393
23395
23396
23398
23399
23401
23402
23404
23405
23407
23408
23410
23411
23413
23414
23416
23442
23444
23446
23448
23458
23495
23496
23497
23499
23500
23502
23504
23506
23508
23510
23512
23514
23516
23517
23518
23520
23522
23523
23525
23526
23528
23529
23594
23598
23604
23606
23608
23610
23623
23625
23651
23655
23657
23659
23661
23667
23668
23670
23671
23673
23675
23677
23680
23682
23685
23686
23688
23689
23691
23692
23694
23695
23697
23698
23700
23701
23703
23704
23706
23707
23709
23710
23712
23713
23715
23716
23718
23719
23721
23722
23724
23725
23727
23728
23730
23731
23733
23734
23736
23737
23739
23740
23742
23743
23745
23746
23748
23749
23751
23752
23754
23755
23757
23758
23759
23760
23761
23762
23764
23768
23771
23773
23774
23782
23785
23787
23789
23791
23792
23793
23794
23795
23796
23797
23798
23800
23804
23806
23808
23820
23821
23822
23823
23824
23830
23831
23832
23833
23834
23835
23836
23837
23838
23840
23841
23842
23843
23844
23845
23846
23847
23848
23849
23850
23851
23852
23853
23854
23855
23856
23857
23858
23859
23861
23866
23868
23869
23870
23872
23874
23877
23880
23881
23882
23883
23884
23885
23886
23887
23888
23889
23890
23891
23892
23893
23894
23895
23896
23897
23898
23899
23900
23901
23902
23903
23904
23905
23906
23907
23908
23909
23911
23927
23929
23931
23933
23935
23937
23939
23941
23943
23944
23946
23948
23949
23951
23953
23954
23956
23957
23959
23960
23962
23971
23973
23975
23977
23979
23981
23983
23985
23987
23989
23991
23993
23995
23997
23998
24000
24001
24003
24004
24006
24007
24009
24010
24012
24013
24024
24025
24030
24031
24032
24033
24034
24035
24037
24038
24040
24041
24043
24044
24046
24047
24049
24050
24051
24052
24053
24054
24055
24056
24057
24058
24059
24060
24061
24062
24063
24064
24065
24066
24067
24068
24069
24070
24071
24072
24073
24074
24075
24076
24130
24131
24132
24133
24134
24135
24136
24137
24138
24139
24140
24141
24142
24143
24144
24145
24147
24149
24151
24153
24155
24157
24158
24160
24161
24169
24170
24171
24172
24173
24174
24175
24176
24177
24178
24179
24180
24181
24182
24183
24184
24185
24186
24187
24192
24194
24195
24197
24198
24200
24201
24203
24204
24206
24207
24209
24211
24213
24215
24217
24219
24220
24222
24223
24224
24229
24230
24232
24233
24234
24235
24236
24238
24240
24242
24244
24246
24248
24249
24250
24251
24254
24255
24256
24258
24259
24260
24261
24262
24263
24264
24265
24268
24269
24271
24276
24277
24279
24281
24283
24285
24287
24288
24289
24291
24292
24294
24295
24297
24298
24299
24300
24301
24302
24303
24304
24315
24317
24319
24321
24323
24325
24327
24329
24333
24334
24336
24338
24340
24342
24344
24346
24348
24361
24362
24363
24364
24365
24366
24370
24372
24374
24376
24378
24380
24382
24384
24387
24389
24391
24393
24395
24397
24399
24401
24403
24405
24407
24409
24411
24413
24416
24417
24418
24419
24420
24421
24422
24423
24424
24425
24428
24430
24431
24432
24433
24434
24435
24436
24437
24438
24441
24442
24443
24444
24446
24447
24448
24449
24450
24451
24452
24453
24454
24455
24456
24457
24458
24459
24460
24461
24463
24464
24466
24467
24469
24470
24472
24473
24475
24476
24478
24479
24480
24481
24482
24488
24489
24491
24492
24495
24496
24498
24500
24502
24504
24506
24511
24512
24514
24515
24517
24518
24520
24523
24525
24527
24528
24529
24530
24531
24533
24535
24537
24539
24541
24542
24543
24544
24545
24546
24547
24551
24554
24565
24567
24569
24571
24573
24575
24577
24579
24581
24583
24585
24587
24589
24590
24592
24593
24595
24596
24598
24599
24601
24602
24603
24604
24605
24606
24607
24613
24615
24617
24619
24621
24623
24624
24626
24627
24629
24630
24632
24633
24635
24636
24638
24639
24641
24642
24644
24645
24656
24658
24660
24664
24666
24668
24670
24672
24673
24674
24675
24676
24678
24680
24682
24683
24686
24688
24691
24692
24693
24695
24697
24699
24701
24702
24704
24706
24708
24709
24711
24719
24721
24723
24725
24727
24729
24731
24733
24735
24736
24738
24740
24741
24761
24763
24774
24775
24777
24778
24780
24782
24783
24785
24786
24788
24790
24794
24796
24798
24800
24802
24804
24806
24808
24842
24843
24845
24847
24849
24855
24857
24859
24860
24861
24862
24863
24864
24865
24866
24867
24868
24869
24870
24871
24872
24874
24876
24878
24880
24882
24885
24887
24898
24899
24900
24901
24904
24906
24910
24914
24915
24916
24917
24921
24926
24927
24928
24929
24932
24933
24934
24935
24936
24937
24938
24939
24940
24941
24942
24944
24946
24949
24951
24953
24955
24957
24959
24961
24963
24975
24977
24980
24981
24982
24983
24984
24985
24986
24987
24988
24989
24990
24991
24992
24993
25001
25002
25004
25005
25007
25008
25010
25011
25013
25014
25016
25017
25019
25020
25022
25023
25025
25026
25028
25029
25031
25032
25034
25035
25037
25038
25042
25044
25046
25048
25050
25052
25054
25056
25057
25059
25063
25066
25087
25088
25090
25091
25093
25094
25096
25097
25099
25100
25102
25104
25106
25110
25112
25114
25117
25129
25131
25133
25135
25137
25139
25145
25146
25147
25152
25153
25154
25155
25157
25159
25160
25161
25162
25163
25165
25173
25176
25196
25197
25203
25204
25205
25206
25212
25228
25244
25280
25283
25284
25286
25287
25288
25289
25290
25314
25316
25319
25322
25324
25326
25328
25330
25332
25334
25336
25340
25342
25344
25348
25349
25350
25351
25352
25353
25354
25355
25356
25357
25358
25359
25360
25365
25366
25373
25378
25380
25381
25383
25384
25386
25387
25389
25390
25392
25393
25395
25396
25398
25399
25401
25402
25404
25405
25407
25408
25410
25411
25413
25414
25416
25417
25419
25420
25422
25424
25426
25428
25430
25432
25434
25436
25438
25440
25442
25443
25445
25446
25448
25449
25451
25452
25454
25455
25457
25459
25461
25463
25465
25467
25469
25470
25471
25472
25473
25474
25476
25478
25479
25481
25482
25484
25485
25486
25487
25488
25489
25490
25491
25492
25493
25494
25495
25496
25497
25500
25502
25519
25521
25522
25524
25525
25527
25539
25541
25543
25545
25547
25549
25551
25553
25555
25557
25559
25561
25564
25565
25566
25567
25568
25569
25570
25571
25572
25574
25576
25577
25578
25580
25582
25584
25585
25587
25592
25594
25596
25598
25600
25602
25603
25604
25606
25608
25609
25610
25611
25612
25613
25614
25615
25625
25631
25633
25635
25637
25639
25641
25643
25644
25646
25648
25650
25652
25654
25656
25658
25660
25662
25664
25666
25668
25670
25672
25674
25676
25684
25686
25688
25690
25692
25694
25696
25698
25700
25702
25703
25704
25705
25706
25707
25712
25721
25731
25733
25734
25736
25738
25739
25741
25742
25744
25746
25748
25749
25750
25751
25752
25754
25755
25756
25757
25758
25759
25760
25761
25762
25763
25764
25765
25766
25767
25769
25770
25772
25773
25775
25776
25778
25779
25781
25793
25794
25795
25796
25797
25798
25799
25800
25801
25802
25803
25804
25805
25809
25810
25811
25812
25813
25814
25815
25816
25818
25822
25824
25826
25827
25831
25832
25833
25834
25836
25837
25838
25840
25842
25843
25844
25846
25849
25851
25853
25855
25857
25859
25860
25862
25863
25865
25867
25898
25900
25904
25906
25910
25912
25916
25918
25926
25928
25930
25932
25934
25936
25938
25956
25958
25959
25960
25963
25964
25965
25966
25967
25968
25975
25979
25981
25985
25990
25993
25996
25999
26002
26005
26008
26011
26014
26017
26020
26023
26026
26029
26032
26035
26038
26041
26044
26047
26050
26053
26056
26059
26062
26065
26068
26071
26074
26077
26080
26083
26086
26089
26092
26095
26098
26101
26104
26107
26110
26113
26116
26119
26122
26125
26128
26131
26134
26137
26140
26143
26146
26154
26155
26156
26158
26166
26168
26170
26172
26180
26182
26219
26221
26223
26225
26227
26229
26231
26233
26235
26237
26241
26243
26245
26247
26250
26252
26254
26256
26258
26260
26266
26267
26269
26270
26272
26274
26278
26280
26282
26284
26286
26288
26290
26292
26294
26296
26298
26304
26308
26310
26312
26314
26316
26318
26320
26322
26324
26326
26328
26330
26332
26334
26336
26338
26340
26342
26344
26346
26348
26349
26350
26351
26353
26354
26358
26360
26362
26364
26366
26367
26368
26370
26372
26374
26376
26378
26380
26382
26384
26386
26388
26390
26392
26394
26396
26397
26398
26399
26400
26401
26402
26403
26404
26405
26406
26407
26408
26409
26410
26411
26412
26413
26414
26415
26416
26421
26422
26424
26425
26427
26428
26430
26431
26433
26434
26436
26437
26439
26440
26442
26443
26445
26446
26448
26449
26451
26452
26454
26455
26457
26458
26460
26461
26463
26465
26467
26469
26471
26473
26475
26477
26479
26480
26482
26484
26486
26488
26490
26492
26494
26496
26498
26500
26501
26503
26505
26507
26509
26511
26513
26515
26517
26518
26520
26522
26524
26526
26528
26529
26531
26533
26535
26537
26539
26541
26542
26544
26545
26546
26547
26548
26549
26551
26554
26555
26557
26558
26560
26561
26567
26569
26571
26572
26573
26574
26575
26576
26577
26579
26581
26583
26585
26587
26589
26590
26591
26592
26593
26594
26598
26600
26602
26603
26605
26607
26609
26611
26613
26615
26617
26619
26621
26623
26625
26627
26629
26631
26633
26635
26637
26639
26641
26643
26645
26647
26649
26651
26661
26686
26687
26688
26689
26690
26691
26692
26693
26694
26695
26696
26697
26698
26699
26700
26701
26702
26703
26705
26706
26707
26708
26709
26710
26711
26712
26713
26714
26715
26716
26717
26718
26719
26720
26721
26722
26723
26724
26725
26726
26727
26728
26729
26730
26731
26732
26733
26734
26735
26736
26737
26738
26739
26740
26741
26742
26743
26744
26745
26746
26747
26748
26749
26750
26751
26752
26753
26754
26755
26756
26757
26758
26759
26760
26784
26788
26789
26792
26798
26799
26801
26802
26804
26805
26807
26809
26811
26813
26815
26816
26820
26822
26824
26826
26828
26830
26832
26834
26836
26838
26840
26842
26844
26846
26848
26850
26852
26854
26856
26858
26860
26862
26864
26866
26868
26870
26872
26874
26876
26877
26878
26879
26880
26881
26882
26883
26884
26885
26886
26887
26888
26889
26890
26891
26892
26893
26894
26895
26896
26897
26898
26899
26901
26902
26903
26904
26905
26908
26910
26912
26914
26916
26917
26918
26919
26920
26921
26925
26927
26928
26929
26930
26931
26932
26933
26934
26935
26936
26937
26939
26941
26942
26945
26946
26952
26953
26957
26958
26959
26960
26961
26962
26963
26965
26967
26969
26996
26998
27000
27001
27002
27003
27004
27005
27006
27007
27008
27009
27010
27012
27014
27015
27017
27019
27021
27023
27025
27027
27029
27031
27035
27037
27038
27039
27040
27041
27042
27044
27046
27048
27098
27100
27110
27111
27112
27113
27115
27117
27119
27121
27123
27125
27127
27202
27203
27205
27206
27208
27209
27211
27212
27214
27216
27217
27221
27223
27226
27227
27229
27230
27232
27233
27235
27236
27238
27239
27241
27242
27244
27245
27246
27248
27250
27251
27253
27255
27257
27259
27261
27263
27265
27267
27269
27270
27272
27273
27275
27277
27278
27279
27281
27283
27285
27287
27289
27291
27293
27297
27298
27300
27301
27302
27303
27304
27305
27306
27307
27308
27309
27310
27311
27312
27313
27314
27315
27316
27317
27318
27319
27320
27321
27322
27323
27324
27325
27326
27327
27328
27329
27330
27331
27332
27333
27334
27335
27336
27337
27338
27339
27340
27341
27342
27343
27344
27345
27346
27347
27348
27349
27350
27351
27352
27353
27354
27355
27356
27359
27361
27363
27365
27366
27368
27370
27372
27374
27376
27377
27378
27379
27380
27381
27382
27383
27384
27385
27386
27387
27388
27390
27392
27394
27396
27398
27400
27402
27404
27406
27408
27410
27412
27414
27416
27418
27420
27422
27424
27426
27427
27428
27430
27432
27434
27436
27438
27440
27442
27462
27463
27473
27475
27477
27479
27481
27483
27485
27486
27488
27489
27491
27492
27494
27495
27497
27509
27511
27512
27513
27514
27515
27518
27523
27532
27544
27550
27551
27552
27553
27554
27555
27556
27557
27558
27560
27561
27562
27563
27564
27566
27568
27572
27574
27576
27578
27580
27582
27583
27584
27585
27586
27588
27590
27591
27596
27597
27598
27599
27600
27601
27602
27603
27604
27605
27607
27608
27610
27612
27613
27614
27616
27622
27624
27626
27627
27629
27630
27632
27633
27635
27636
27638
27639
27641
27643
27645
27647
27652
27653
27655
27657
27658
27660
27662
27663
27665
27667
27668
27670
27671
27673
27674
27676
27677
27679
27681
27682
27684
27685
27687
27688
27690
27691
27695
27783
27785
27786
27788
27790
27802
27804
27806
27808
27810
27812
27814
27816
27818
27820
27822
27828
27831
27832
27833
27834
27835
27836
27837
27838
27839
27840
27841
27842
27843
27844
27845
27846
27847
27848
27849
27850
27851
27852
27853
27855
27857
27859
27861
27863
27865
27867
27871
27873
27875
27894
27895
27896
27897
27898
27900
27902
27904
27906
27908
27910
27912
27914
27916
27918
27920
27922
27925
27928
27931
27934
27937
27940
27943
27946
27949
27952
27955
27957
27958
27959
27960
27961
27962
27963
27965
27968
27971
27974
27977
27980
27983
27986
27989
27992
27995
27997
27999
28001
28003
28005
28007
28009
28011
28013
28015
28017
28019
28021
28023
28025
28027
28029
28031
28033
28035
28037
28039
28041
28043
28045
28047
28049
28051
28053
28055
28057
28059
28061
28063
28065
28067
28069
28070
28072
28074
28076
28078
28080
28082
28084
28086
28088
28090
28092
28094
28096
28098
28108
28116
28118
28126
28128
28130
28132
28133
28134
28136
28138
28140
28142
28143
28145
28146
28147
28149
28150
28152
28154
28155
28157
28159
28161
28163
28164
28166
28167
28169
28171
28173
28175
28177
28179
28181
28183
28184
28190
28192
28193
28194
28196
28197
28199
28200
28202
28203
28205
28206
28208
28209
28211
28212
28214
28215
28217
28218
28220
28223
28226
28227
28238
28240
28242
28244
28246
28247
28248
28249
28250
28251
28252
28253
28254
28256
28258
28268
28270
28272
28274
28276
28277
28279
28281
28283
28285
28287
28289
28291
28293
28295
28296
28298
28299
28301
28302
28304
28305
28308
28311
28314
28317
28319
28321
28323
28325
28327
28329
28330
28331
28332
28333
28334
28335
28336
28339
28341
28342
28343
28344
28345
28346
28347
28348
28349
28350
28351
28352
28353
28354
28355
28356
28361
28363
28364
28365
28366
28367
28368
28369
28370
28375
28376
28377
28378
28379
28380
28382
28384
28385
28386
28388
28393
28394
28401
28403
28404
28405
28406
28407
28409
28410
28412
28419
28420
28421
28422
28423
28424
28425
28426
28427
28428
28429
28430
28431
28432
28433
28434
28435
28436
28437
28438
28439
28441
28443
28444
28445
28446
28447
28448
28449
28450
28451
28452
28453
28454
28455
28456
28457
28458
28459
28460
28461
28462
28463
28464
28465
28468
28471
28473
28474
28475
28476
28477
28480
28483
28486
28489
28492
28495
28498
28501
28504
28507
28510
28513
28516
28519
28522
28525
28528
28531
28532
28534
28535
28537
28538
28540
28541
28543
28545
28546
28547
28549
28550
28551
28552
28553
28554
28561
28562
28564
28565
28567
28568
28570
28571
28574
28575
28577
28579
28580
28583
28584
28585
28587
28588
28589
28590
28591
28593
28595
28597
28599
28601
28603
28613
28615
28616
28618
28620
28622
28624
28626
28628
28630
28644
28646
28650
28651
28653
28655
28657
28659
28661
28663
28665
28667
28669
28671
28672
28674
28676
28677
28682
28684
28685
28687
28688
28690
28691
28693
28694
28696
28697
28699
28700
28702
28703
28705
28706
28708
28709
28711
28712
28713
28715
28716
28718
28719
28721
28722
28724
28725
28727
28728
28730
28731
28733
28734
28736
28737
28739
28740
28742
28743
28745
28746
28748
28749
28751
28753
28755
28757
28759
28761
28763
28765
28767
28769
28771
28773
28775
28777
28778
28780
28781
28783
28784
28786
28788
28790
28792
28794
28796
28798
28801
28802
28804
28805
28806
28807
28808
28809
28810
28811
28813
28814
28817
28818
28819
28821
28823
28824
28826
28828
28830
28831
28832
28834
28835
28837
28863
28864
28865
28866
28867
28868
28869
28870
28872
28878
28884
28885
28887
28888
28891
28894
28897
28899
28900
28902
28904
28906
28919
28920
28922
28924
28929
28931
28933
28934
28936
28937
28939
28940
28942
28943
28945
28947
28949
28951
28953
28955
28957
28958
28959
28960
28961
28962
28963
28964
28965
28966
28967
28968
28969
28970
28972
28973
28974
28975
28976
28977
28978
28979
28980
28981
28982
28983
28986
28987
28988
28989
28991
28997
28998
29000
29001
29004
29005
29007
29008
29010
29011
29013
29014
29016
29017
29019
29020
29022
29023
29025
29026
29028
29029
29049
29050
29052
29053
29055
29056
29058
29059
29061
29062
29064
29065
29067
29068
29070
29071
29073
29074
29076
29077
29078
29079
29080
29081
29082
29083
29084
29085
29087
29088
29090
29098
29099
29101
29102
29104
29105
29107
29108
29110
29111
29113
29114
29116
29117
29119
29120
29122
29123
29125
29126
29128
29129
29131
29132
29134
29135
29137
29138
29140
29141
29143
29144
29146
29147
29149
29150
29152
29153
29155
29156
29157
29158
29159
29160
29161
29162
29163
29164
29166
29168
29169
29171
29172
29174
29175
29177
29178
29180
29181
29183
29184
29186
29187
29189
29190
29192
29193
29195
29196
29198
29199
29201
29202
29204
29205
29207
29208
29210
29211
29213
29214
29216
29217
29218
29219
29221
29222
29223
29224
29225
29226
29227
29228
29229
29230
29231
29232
29233
29234
29235
29236
29237
29238
29239
29240
29242
29244
29246
29248
29250
29251
29253
29254
29256
29257
29259
29261
29263
29265
29267
29269
29271
29273
29275
29277
29278
29280
29281
29283
29284
29286
29287
29289
29290
29292
29293
29295
29297
29299
29301
29303
29305
29309
29311
29317
29319
29321
29323
29325
29332
29338
29344
29346
29348
29350
29352
29354
29356
29358
29360
29362
29364
29366
29368
29370
29372
29374
29378
29379
29381
29382
29384
29386
29388
29408
29409
29410
29412
29413
29415
29416
29418
29419
29421
29422
29424
29425
29427
29428
29433
29437
29439
29441
29443
29448
29449
29455
29456
29458
29460
29462
29464
29466
29468
29470
29482
29484
29485
29486
29487
29489
29491
29507
29509
29517
29518
29519
29521
29522
29524
29525
29526
29527
29528
29529
29530
29531
29533
29534
29535
29536
29538
29539
29540
29541
29542
29543
29544
29545
29546
29547
29548
29549
29550
29551
29552
29553
29554
29555
29556
29558
29560
29562
29564
29566
29568
29570
29572
29573
29574
29575
29577
29578
29580
29581
29583
29585
29587
29589
29591
29594
29596
29598
29599
29600
29602
29603
29605
29607
29609
29611
29613
29615
29617
29619
29620
29622
29623
29625
29626
29628
29629
29631
29632
29634
29635
29637
29638
29640
29641
29643
29644
29648
29651
29654
29657
29660
29663
29666
29669
29672
29675
29678
29684
29686
29688
29692
29694
29696
29698
29700
29704
29706
29708
29710
29712
29714
29716
29718
29720
29722
29724
29726
29728
29730
29732
29734
29736
29738
29740
29742
29744
29746
29748
29750
29752
29754
29756
29758
29760
29762
29764
29766
29768
29770
29772
29774
29775
29777
29781
29782
29784
29786
29788
29790
29792
29794
29796
29797
29799
29801
29802
29804
29806
29807
29809
29810
29816
29818
29824
29825
29827
29828
29830
29831
29833
29834
29836
29837
29838
29867
29868
29870
29872
29874
29879
29880
29883
29885
29889
29890
29892
29893
29895
29898
29900
29901
29903
29904
29905
29912
29914
29920
29922
29925
29926
29927
29928
29929
29931
29932
29933
29944
29945
29947
29948
29950
29952
29953
29955
29956
29958
29959
29961
29963
29964
29966
29967
29969
29971
29972
29973
29974
29978
29982
29986
29988
29993
29994
29996
29998
29999
30000
30002
30003
30005
30007
30009
30011
30012
30013
30014
30015
30016
30017
30018
30019
30020
30031
30032
30033
30035
30036
30037
30038
30040
30042
30044
30064
30066
30067
30068
30070
30071
30073
30074
30076
30077
30079
30080
30082
30083
30085
30086
30088
30094
30095
30096
30097
30098
30100
30101
30103
30109
30111
30113
30122
30123
30124
30125
30126
30128
30129
30131
30132
30134
30135
30137
30138
30140
30141
30143
30144
30146
30147
30149
30151
30152
30153
30154
30155
30232
30234
30237
30239
30241
30242
30243
30244
30245
30246
30247
30248
30249
30250
30251
30252
30253
30254
30255
30256
30257
30258
30259
30260
30261
30262
30263
30264
30265
30266
30267
30268
30269
30270
30271
30272
30273
30274
30275
30276
30277
30278
30279
30280
30281
30282
30283
30284
30285
30286
30287
30288
30289
30290
30291
30292
30293
30294
30295
30296
30297
30298
30299
30300
30301
30305
30307
30308
30310
30311
30312
30313
30314
30316
30317
30318
30319
30320
30321
30322
30324
30325
30328
30329
30331
30332
30334
30335
30337
30338
30340
30357
30359
30361
30363
30365
30367
30369
30371
30373
30374
30376
30378
30380
30382
30384
30386
30388
30390
30392
30393
30394
30395
30396
30397
30398
30399
30400
30401
30402
30404
30406
30408
30410
30412
30414
30416
30418
30420
30422
30424
30426
30428
30430
30432
30434
30436
30437
30439
30441
30443
30445
30447
30449
30451
30453
30455
30457
30459
30461
30465
30467
30469
30471
30473
30475
30477
30479
30487
30489
30491
30497
30498
30500
30501
30502
30503
30504
30505
30506
30507
30508
30509
30510
30511
30512
30513
30514
30515
30516
30517
30518
30519
30521
30523
30525
30527
30529
30531
30533
30535
30537
30539
30541
30543
30545
30547
30549
30550
30551
30552
30553
30555
30558
30560
30561
30563
30564
30566
30567
30568
30570
30571
30572
30573
30574
30576
30577
30597
30599
30601
30603
30605
30607
30609
30611
30613
30616
30617
30619
30620
30622
30623
30624
30626
30627
30628
30629
30631
30632
30634
30635
30637
30638
30640
30644
30646
30648
30650
30651
30653
30663
30676
30677
30679
30680
30682
30683
30685
30686
30688
30689
30690
30694
30696
30720
30722
30724
30726
30744
30745
30747
30748
30750
30751
30753
30754
30756
30757
30759
30760
30763
30765
30771
30773
30775
30777
30779
30781
30783
30785
30787
30789
30791
30793
30795
30796
30798
30800
30801
30806
30808
30810
30811
30813
30814
30816
30817
30819
30820
30822
30823
30825
30826
30828
30829
30831
30832
30834
30835
30837
30838
30840
30841
30843
30846
30848
30854
30856
30858
30860
30862
30864
30875
30876
30878
30879
30881
30882
30884
30885
30887
30888
30889
30890
30891
30893
30895
30896
30898
30900
30902
30904
30906
30908
30910
30912
30914
30916
30918
30920
30922
30924
30926
30936
30937
30938
30939
30941
30942
30943
30944
30947
30949
30950
30955
30957
30958
30961
30962
30963
30964
30965
30966
30967
30968
30969
30973
30975
30977
30979
30981
30989
30993
30997
30998
31004
31010
31016
31018
31024
31025
31027
31028
31032
31034
31035
31037
31038
31039
31040
31041
31042
31043
31045
31047
31049
31050
31052
31054
31075
31077
31078
31079
31080
31081
31082
31084
31086
31088
31089
31091
31092
31093
31094
31095
31096
31097
31099
31106
31107
31109
31111
31113
31115
31116
31121
31128
31130
31131
31134
31136
31137
31139
31140
31142
31143
31145
31146
31148
31149
31151
31152
31154
31155
31157
31158
31160
31161
31163
31164
31166
31167
31169
31170
31172
31174
31181
31182
31184
31185
31187
31188
31190
31191
31193
31194
31196
31197
31199
31200
31202
31203
31205
31206
31208
31209
31211
31212
31214
31216
31225
31227
31229
31231
31233
31235
31241
31243
31244
31245
31246
31248
31249
31251
31253
31255
31256
31258
31259
31261
31262
31264
31266
31276
31283
31284
31285
31286
31287
31288
31290
31292
31295
31296
31297
31327
31328
31330
31331
31333
31335
31338
31339
31341
31345
31347
31351
31353
31355
31357
31359
31365
31371
31373
31375
31377
31379
31383
31384
31385
31386
31387
31388
31389
31390
31391
31392
31393
31395
31397
31398
31400
31406
31408
31410
31412
31414
31416
31418
31420
31422
31424
31426
31428
31430
31432
31433
31435
31436
31438
31439
31441
31443
31454
31455
31457
31458
31460
31461
31463
31464
31466
31467
31469
31470
31472
31473
31475
31476
31478
31479
31481
31482
31484
31485
31487
31488
31490
31492
31494
31496
31498
31500
31502
31503
31505
31506
31508
31509
31511
31513
31515
31517
31521
31525
31529
31533
31537
31553
31554
31556
31557
31559
31560
31561
31562
31564
31565
31567
31568
31569
31570
31572
31573
31575
31577
31578
31579
31581
31582
31583
31585
31586
31587
31588
31590
31591
31593
31594
31596
31597
31599
31600
31602
31603
31605
31606
31608
31609
31611
31612
31614
31615
31617
31618
31620
31621
31623
31624
31626
31627
31629
31630
31632
31633
31635
31636
31638
31639
31641
31642
31644
31645
31647
31648
31650
31651
31653
31654
31656
31657
31659
31660
31662
31663
31665
31666
31668
31669
31671
31672
31674
31675
31677
31678
31686
31687
31689
31690
31692
31693
31695
31696
31698
31699
31700
31701
31703
31704
31706
31707
31708
31710
31712
31716
31717
31719
31720
31722
31724
31726
31727
31729
31730
31732
31733
31734
31736
31738
31740
31742
31744
31745
31746
31748
31750
31752
31754
31756
31757
31758
31760
31762
31764
31766
31768
31770
31771
31773
31774
31776
31777
31779
31780
31782
31783
31785
31786
31788
31789
31791
31792
31794
31795
31797
31798
31800
31801
31803
31805
31807
31809
31810
31811
31812
31814
31815
31817
31818
31820
31821
31823
31824
31831
31832
31833
31834
31835
31836
31837
31838
31839
31840
31841
31842
31843
31844
31845
31846
31847
31848
31849
31850
31851
31852
31853
31854
31855
31856
31857
31858
31859
31860
31861
31862
31863
31864
31865
31867
31869
31871
31872
31873
31874
31875
31876
31877
31878
31879
31881
31882
31883
31884
31885
31886
31887
31888
31889
31890
31891
31892
31893
31894
31895
31896
31897
31898
31899
31900
31901
31902
31903
31905
31906
31908
31910
31912
31914
31916
31918
31920
31922
31924
31926
31928
31930
31932
31934
31936
31938
31940
31942
31944
31946
31947
31949
31950
31952
31954
31955
31957
31959
31961
31962
31964
31965
31967
31968
31970
31971
31973
31974
31976
31977
31979
31980
31982
31983
31985
31989
31990
31992
31996
31997
31999
32000
32002
32003
32005
32006
32008
32009
32011
32012
32014
32015
32017
32018
32020
32021
32023
32024
32026
32027
32029
32030
32032
32033
32035
32036
32038
32039
32041
32042
32044
32045
32047
32048
32050
32051
32053
32054
32056
32057
32059
32060
32062
32063
32065
32066
32068
32069
32071
32072
32074
32075
32077
32078
32080
32081
32083
32085
32087
32088
32090
32091
32093
32094
32096
32097
32099
32100
32102
32104
32106
32108
32110
32111
32113
32115
32116
32118
32121
32124
32127
32130
32133
32136
32139
32142
32145
32148
32151
32154
32157
32160
32163
32166
32167
32169
32172
32173
32175
32176
32178
32179
32181
32183
32185
32187
32189
32191
32193
32195
32196
32199
32200
32201
32202
32203
32204
32205
32206
32207
32208
32209
32210
32211
32212
32213
32214
32215
32216
32217
32218
32219
32220
32221
32222
32223
32224
32225
32226
32227
32228
32229
32230
32232
32233
32234
32235
32236
32238
32239
32242
32243
32244
32245
32255
32256
32257
32258
32259
32260
32261
32262
32263
32264
32265
32266
32267
32268
32269
32270
32271
32272
32273
32274
32275
32276
32277
32278
32279
32280
32281
32282
32283
32284
32285
32286
32287
32288
32290
32291
32292
32293
32294
32295
32296
32297
32298
32299
32307
32309
32310
32312
32313
32315
32316
32317
32318
32320
32321
32323
32324
32325
32326
32328
32329
32331
32332
32333
32334
32336
32337
32339
32340
32341
32342
32344
32345
32347
32348
32349
32350
32352
32353
32355
32356
32357
32358
32360
32362
32364
32366
32368
32369
32371
32372
32374
32375
32377
32378
32380
32381
32383
32384
32386
32388
32396
32397
32398
32399
32401
32402
32403
32404
32405
32406
32407
32408
32409
32410
32411
32412
32413
32414
32415
32416
32417
32418
32419
32420
32421
32422
32423
32424
32425
32426
32427
32428
32429
32430
32431
32432
32433
32434
32435
32436
32437
32438
32439
32440
32441
32442
32443
32444
32445
32446
32447
32448
32449
32451
32453
32454
32456
32457
32458
32459
32460
32461
32462
32463
32464
32465
32466
32467
32468
32470
32471
32473
32474
32475
32476
32478
32479
32480
32481
32483
32484
32486
32488
32490
32491
32493
32494
32495
32496
32499
32500
32501
32502
32504
32506
32508
32509
32514
32516
32517
32518
32525
32526
32529
32531
32532
32534
32537
32539
32541
32543
32544
32545
32546
32548
32553
32555
32559
32562
32563
32565
32571
32572
32574
32578
32579
32580
32586
32589
32590
32591
32593
32594
32595
32599
32612
32614
32615
32616
32620
32621
32622
32623
32630
32632
32635
32640
32671
32673
32683
32685
32691
32694
32701
32705
32706
32711
32722
32730
32736
32742
32744
32749
32753
32761
32775
32777
32779
32785
32795
32806
32808
32809
32810
32811
32812
32813
32814
32815
32816
32817
32818
32819
32820
32821
32822
32823
32824
32825
32826
32827
32828
32829
32830
32831
32832
32833
32834
32835
32836
32837
32838
32839
32840
32841
32842
32843
32844
32845
32846
32847
32849
32851
32853
32855
32857
32859
32861
32863
32864
32865
32866
32867
32868
32869
32870
32876
32877
32879
32880
32882
32884
32885
32887
32889
32890
32892
32893
32896
32897
32902
32903
32904
32905
32906
32907
32908
32909
32910
32911
32912
32921
32928
32930
32932
32934
33002
33004
33005
33006
33007
33008
33009
33012
33013
33015
33016
33018
33019
33036
33039
33042
33044
33045
33047
33048
33050
33051
33053
33055
33057
33059
33061
33063
33065
33066
33068
33074
33075
33077
